 #NTuple/Z0                                                                      
 output from Ecalc9f version   2.09
  settings: 
    particle type:            2
    pzmin/pzmax:    0.0000000000000000      /   100.00000000000000     
    transverse cuts:    0.0000000000000000        0.0000000000000000     
    longitudinal cut:    0.0000000000000000     
    RF frequency (MHz):    704.00000000000000     
    sigma cut:    0.0000000000000000     
    subtract out amplitude correlation
    wrnew9 =  F

regn #   Z           Bz          eperp       elong       e6D         Ldim        Pzavg       beta        alpha       betaL       alphaL      n0          n1          n2          Lcan(eVs)   sigmaE      sigmaT      corrE       corrT       sigmaE_c    xavg        yavg        Dx          Dy          Dr          Dr2
     1  0.0000E+00  0.9616E-03  0.2486E-02  0.6974E-02  0.4368E-07 -0.2334E+00  0.2427E+00  0.5429E+00 -0.2928E-01  0.6479E+00  0.1951E-01  0.1187E+06  0.1187E+06  0.1187E+06 -0.3959E-02  0.1564E-01  0.1613E-09  0.3940E+00  0.1982E-10  0.1524E-01 -0.2046E-01 -0.9660E-02 -0.6109E-01  0.6601E-04  0.6473E-01  0.1537E+00
     2  0.9000E+00  0.8252E-03  0.2426E-02  0.6891E-02  0.4132E-07 -0.2314E+00  0.2416E+00  0.3985E+00 -0.4129E+00  0.6148E+00  0.1644E+00  0.1175E+06  0.1175E+06  0.1175E+06 -0.4613E-02  0.1609E-01  0.1568E-09  0.4364E+00  0.7086E-09  0.1571E-01 -0.2561E-01 -0.8320E-02 -0.3221E-01 -0.3834E-02  0.3102E-01  0.1991E+00
     3  0.1800E+01  0.9030E-03  0.2410E-02  0.6961E-02  0.3992E-07 -0.2228E+00  0.2404E+00  0.2790E+00 -0.9003E-01  0.5406E+00  0.2228E+00  0.1158E+06  0.1158E+06  0.1158E+06 -0.2642E-02  0.1723E-01  0.1485E-09  0.3927E+00  0.1145E-08  0.1696E-01 -0.2200E-01 -0.8603E-02 -0.5437E-01  0.2994E-03  0.4176E-01  0.1339E+00
     4  0.2700E+01  0.9386E-03  0.2393E-02  0.6938E-02  0.4004E-07 -0.2257E+00  0.2401E+00  0.3499E+00  0.1768E+00  0.4598E+00  0.1973E+00  0.1151E+06  0.1151E+06  0.1151E+06 -0.4547E-02  0.1847E-01  0.1374E-09  0.3754E+00  0.1975E-08  0.1825E-01 -0.2184E-01 -0.9624E-02 -0.3090E-01 -0.5464E-02  0.5518E-01  0.1203E+00
     5  0.3600E+01  0.8071E-03  0.2407E-02  0.7043E-02  0.4057E-07 -0.2289E+00  0.2400E+00  0.4106E+00 -0.1850E-01  0.4137E+00  0.6221E-01  0.1148E+06  0.1148E+06  0.1148E+06 -0.3750E-02  0.1931E-01  0.1320E-09  0.4192E+00  0.2639E-08  0.1905E-01 -0.2492E-01 -0.7723E-02 -0.5454E-01  0.1807E-02  0.5750E-01  0.1312E+00
     6  0.4500E+01  0.9571E-03  0.2378E-02  0.7000E-02  0.4035E-07 -0.2295E+00  0.2401E+00  0.3652E+00 -0.1146E+00  0.4213E+00 -0.7151E-01  0.1144E+06  0.1144E+06  0.1144E+06 -0.3131E-02  0.1924E-01  0.1328E-09  0.5252E+00  0.2702E-08  0.1884E-01 -0.2102E-01 -0.9310E-02 -0.3879E-01  0.2368E-02  0.2992E-01  0.1013E+00
     7  0.5400E+01  0.8805E-03  0.2364E-02  0.7087E-02  0.4081E-07 -0.2342E+00  0.2404E+00  0.3449E+00 -0.3781E-01  0.4674E+00 -0.1920E+00  0.1141E+06  0.1141E+06  0.1141E+06 -0.4621E-02  0.1873E-01  0.1407E-09  0.5534E+00  0.3003E-08  0.1829E-01 -0.2358E-01 -0.9071E-02 -0.2891E-01 -0.1024E-01  0.3687E-01  0.1294E+00
     8  0.6300E+01  0.8294E-03  0.2350E-02  0.7172E-02  0.4068E-07 -0.2374E+00  0.2404E+00  0.3654E+00 -0.5265E-03  0.5410E+00 -0.2183E+00  0.1136E+06  0.1136E+06  0.1136E+06 -0.3331E-02  0.1782E-01  0.1517E-09  0.6531E+00  0.2697E-08  0.1719E-01 -0.2371E-01 -0.7984E-02 -0.6269E-01  0.7544E-02  0.6690E-01  0.1426E+00
     9  0.7200E+01  0.9885E-03  0.2312E-02  0.7440E-02  0.4147E-07 -0.2347E+00  0.2404E+00  0.3648E+00 -0.2613E-01  0.5893E+00 -0.1498E+00  0.1134E+06  0.1134E+06  0.1134E+06 -0.3654E-02  0.1723E-01  0.1606E-09  0.6590E+00  0.2047E-08  0.1658E-01 -0.2183E-01 -0.9565E-02 -0.1749E-01 -0.2154E-03  0.3507E-01  0.1359E+00
    10  0.8100E+01  0.8106E-03  0.2312E-02  0.7719E-02  0.4241E-07 -0.2391E+00  0.2400E+00  0.3647E+00 -0.3619E-01  0.6116E+00 -0.5161E-01  0.1133E+06  0.1133E+06  0.1133E+06 -0.4278E-02  0.1714E-01  0.1664E-09  0.7062E+00  0.1337E-08  0.1640E-01 -0.2394E-01 -0.8524E-02 -0.4167E-01 -0.3842E-02  0.5447E-01  0.1566E+00
    11  0.9000E+01  0.9005E-03  0.2298E-02  0.7866E-02  0.4252E-07 -0.2394E+00  0.2395E+00  0.3577E+00 -0.4058E-01  0.5904E+00  0.4227E-01  0.1130E+06  0.1130E+06  0.1130E+06 -0.3222E-02  0.1748E-01  0.1651E-09  0.6696E+00  0.7433E-09  0.1681E-01 -0.2288E-01 -0.8494E-02 -0.4648E-01  0.3527E-02  0.5282E-01  0.1390E+00
    12  0.9900E+01  0.9582E-03  0.2275E-02  0.8096E-02  0.4260E-07 -0.2409E+00  0.2391E+00  0.3531E+00 -0.9983E-02  0.5512E+00  0.1002E+00  0.1129E+06  0.1129E+06  0.1129E+06 -0.4021E-02  0.1828E-01  0.1620E-09  0.6344E+00  0.5913E-09  0.1771E-01 -0.2223E-01 -0.9448E-02 -0.3507E-01 -0.4986E-02  0.4143E-01  0.1236E+00
    13  0.1080E+02  0.7738E-03  0.2264E-02  0.8217E-02  0.4208E-07 -0.2409E+00  0.2388E+00  0.3723E+00  0.2875E-02  0.5036E+00  0.1196E+00  0.1127E+06  0.1127E+06  0.1127E+06 -0.3922E-02  0.1912E-01  0.1561E-09  0.5701E+00 -0.2299E-09  0.1868E-01 -0.2370E-01 -0.8146E-02 -0.4980E-01  0.3404E-02  0.4685E-01  0.1218E+00
    14  0.1170E+02  0.9900E-03  0.2249E-02  0.8305E-02  0.4204E-07 -0.2364E+00  0.2386E+00  0.3705E+00 -0.7532E-01  0.4574E+00  0.9071E-01  0.1126E+06  0.1126E+06  0.1126E+06 -0.3121E-02  0.1993E-01  0.1497E-09  0.4749E+00 -0.5594E-09  0.1964E-01 -0.2202E-01 -0.8873E-02 -0.3912E-01 -0.3972E-02  0.4300E-01  0.1008E+00
    15  0.1260E+02  0.8635E-03  0.2234E-02  0.8332E-02  0.4092E-07 -0.2425E+00  0.2385E+00  0.3430E+00 -0.6346E-01  0.4302E+00  0.6165E-01  0.1124E+06  0.1124E+06  0.1124E+06 -0.4217E-02  0.2047E-01  0.1455E-09  0.4379E+00 -0.8579E-09  0.2024E-01 -0.2269E-01 -0.9275E-02 -0.5412E-01 -0.1742E-02  0.4248E-01  0.1018E+00
    16  0.1350E+02  0.8222E-03  0.2204E-02  0.8293E-02  0.3978E-07 -0.2358E+00  0.2384E+00  0.3457E+00  0.4756E-01  0.4175E+00 -0.3114E-01  0.1122E+06  0.1122E+06  0.1122E+06 -0.3398E-02  0.2057E-01  0.1430E-09  0.2917E+00 -0.8828E-09  0.2046E-01 -0.2333E-01 -0.7823E-02 -0.3744E-01  0.4891E-02  0.2834E-01  0.1003E+00
    17  0.1440E+02  0.1018E-02  0.2195E-02  0.8441E-02  0.4000E-07 -0.2369E+00  0.2386E+00  0.3898E+00  0.8774E-02  0.4379E+00 -0.6945E-01  0.1120E+06  0.1120E+06  0.1120E+06 -0.3238E-02  0.2028E-01  0.1476E-09  0.2334E+00 -0.5945E-09  0.2021E-01 -0.2144E-01 -0.9489E-02 -0.4871E-01 -0.4706E-02  0.4113E-01  0.9480E-01
    18  0.1530E+02  0.7643E-03  0.2174E-02  0.8469E-02  0.3943E-07 -0.2365E+00  0.2385E+00  0.3725E+00 -0.1127E+00  0.4456E+00 -0.2570E-01  0.1118E+06  0.1118E+06  0.1118E+06 -0.4238E-02  0.2005E-01  0.1494E-09  0.1554E+00 -0.1102E-08  0.2002E-01 -0.2412E-01 -0.8756E-02 -0.4692E-01 -0.4356E-03  0.3778E-01  0.1154E+00
    19  0.1620E+02  0.9398E-03  0.2150E-02  0.8446E-02  0.3823E-07 -0.2306E+00  0.2381E+00  0.3349E+00 -0.7175E-01  0.4525E+00 -0.9018E-02  0.1115E+06  0.1115E+06  0.1115E+06 -0.2738E-02  0.1982E-01  0.1503E-09  0.9699E-01 -0.2985E-09  0.1981E-01 -0.2186E-01 -0.7855E-02 -0.4608E-01 -0.1574E-02  0.3422E-01  0.9646E-01
    20  0.1710E+02  0.9438E-03  0.2146E-02  0.8368E-02  0.3763E-07 -0.2319E+00  0.2380E+00  0.3468E+00  0.3995E-01  0.4531E+00  0.2341E-01  0.1112E+06  0.1112E+06  0.1112E+06 -0.3825E-02  0.1972E-01  0.1497E-09  0.1151E+00  0.1660E-09  0.1970E-01 -0.2230E-01 -0.1008E-01 -0.4896E-01  0.9484E-03  0.3597E-01  0.1079E+00
    21  0.1800E+02  0.7547E-03  0.2138E-02  0.8260E-02  0.3699E-07 -0.2299E+00  0.2376E+00  0.3754E+00  0.6011E-02  0.4369E+00  0.5892E-01  0.1109E+06  0.1109E+06  0.1109E+06 -0.3646E-02  0.1994E-01  0.1463E-09  0.4469E-01  0.2856E-09  0.1994E-01 -0.2380E-01 -0.7627E-02 -0.4927E-01 -0.2338E-02  0.3799E-01  0.1100E+00
    22  0.1890E+02  0.1035E-02  0.2133E-02  0.8154E-02  0.3632E-07 -0.2218E+00  0.2374E+00  0.3699E+00 -0.6084E-01  0.4209E+00  0.9000E-01  0.1105E+06  0.1105E+06  0.1105E+06 -0.2588E-02  0.2022E-01  0.1428E-09  0.3209E-02  0.7747E-09  0.2022E-01 -0.2118E-01 -0.8934E-02 -0.4759E-01  0.1466E-02  0.3090E-01  0.9014E-01
    23  0.1980E+02  0.8058E-03  0.2125E-02  0.7947E-02  0.3510E-07 -0.2223E+00  0.2371E+00  0.3502E+00 -0.6462E-01  0.3931E+00  0.9526E-01  0.1102E+06  0.1102E+06  0.1102E+06 -0.4015E-02  0.2065E-01  0.1365E-09  0.2287E-01  0.1137E-08  0.2065E-01 -0.2333E-01 -0.9538E-02 -0.5010E-01 -0.7348E-02  0.3627E-01  0.1037E+00
    24  0.2070E+02  0.8623E-03  0.2116E-02  0.7729E-02  0.3360E-07 -0.2193E+00  0.2371E+00  0.3504E+00 -0.3097E-01  0.3866E+00  0.3476E-01  0.1097E+06  0.1097E+06  0.1097E+06 -0.2849E-02  0.2047E-01  0.1335E-09  0.1201E+00  0.1180E-08  0.2045E-01 -0.2227E-01 -0.7449E-02 -0.5447E-01  0.4140E-02  0.4130E-01  0.9238E-01
    25  0.2160E+02  0.1016E-02  0.2087E-02  0.7413E-02  0.3199E-07 -0.2141E+00  0.2373E+00  0.3501E+00 -0.1900E-01  0.3823E+00 -0.3605E-02  0.1092E+06  0.1092E+06  0.1092E+06 -0.2878E-02  0.2022E-01  0.1302E-09  0.2615E+00  0.1734E-08  0.2014E-01 -0.2188E-01 -0.9675E-02 -0.3860E-01  0.2937E-02  0.3322E-01  0.9773E-01
    26  0.2250E+02  0.7248E-03  0.2081E-02  0.7235E-02  0.3081E-07 -0.2172E+00  0.2374E+00  0.3572E+00 -0.1859E-01  0.3951E+00 -0.2734E-01  0.1089E+06  0.1089E+06  0.1089E+06 -0.3559E-02  0.1967E-01  0.1305E-09  0.2749E+00  0.1301E-08  0.1958E-01 -0.2350E-01 -0.8545E-02 -0.5175E-01 -0.1009E-01  0.4633E-01  0.1134E+00
    27  0.2340E+02  0.1006E-02  0.2071E-02  0.7018E-02  0.2973E-07 -0.2109E+00  0.2376E+00  0.3614E+00 -0.2418E-01  0.4204E+00 -0.1797E-01  0.1084E+06  0.1084E+06  0.1084E+06 -0.2511E-02  0.1881E-01  0.1325E-09  0.2896E+00  0.1228E-08  0.1871E-01 -0.2189E-01 -0.8253E-02 -0.4291E-01  0.1207E-01  0.3393E-01  0.1079E+00
    28  0.2430E+02  0.8784E-03  0.2059E-02  0.6881E-02  0.2893E-07 -0.2059E+00  0.2377E+00  0.3577E+00 -0.4371E-01  0.4354E+00 -0.1853E-01  0.1082E+06  0.1082E+06  0.1082E+06 -0.3128E-02  0.1832E-01  0.1335E-09  0.2942E+00  0.1279E-08  0.1821E-01 -0.2281E-01 -0.9459E-02 -0.4066E-01 -0.8638E-02  0.3898E-01  0.1268E+00
    29  0.2520E+02  0.7849E-03  0.2055E-02  0.6714E-02  0.2789E-07 -0.2045E+00  0.2377E+00  0.3551E+00 -0.3936E-01  0.4495E+00  0.3540E-01  0.1078E+06  0.1078E+06  0.1078E+06 -0.2958E-02  0.1785E-01  0.1338E-09  0.3169E+00  0.7785E-09  0.1771E-01 -0.2296E-01 -0.8163E-02 -0.5384E-01  0.3646E-03  0.4615E-01  0.1306E+00
    30  0.2610E+02  0.1057E-02  0.2028E-02  0.6464E-02  0.2649E-07 -0.2002E+00  0.2378E+00  0.3550E+00 -0.2932E-01  0.4498E+00  0.5341E-01  0.1075E+06  0.1075E+06  0.1075E+06 -0.2414E-02  0.1756E-01  0.1312E-09  0.3655E+00  0.6041E-09  0.1739E-01 -0.2215E-01 -0.8886E-02 -0.3883E-01  0.9830E-03  0.3961E-01  0.1289E+00
    31  0.2700E+02  0.7402E-03  0.2021E-02  0.6274E-02  0.2537E-07 -0.1974E+00  0.2379E+00  0.3587E+00 -0.2620E-01  0.4440E+00  0.7766E-01  0.1073E+06  0.1073E+06  0.1073E+06 -0.3078E-02  0.1743E-01  0.1284E-09  0.3227E+00  0.1667E-09  0.1728E-01 -0.2318E-01 -0.9107E-02 -0.4716E-01 -0.1433E-02  0.4555E-01  0.1429E+00
    32  0.2790E+02  0.9431E-03  0.2001E-02  0.6002E-02  0.2396E-07 -0.1920E+00  0.2381E+00  0.3602E+00 -0.4197E-01  0.4382E+00  0.5389E-01  0.1069E+06  0.1069E+06  0.1069E+06 -0.2418E-02  0.1721E-01  0.1247E-09  0.4051E+00  0.1308E-09  0.1699E-01 -0.2252E-01 -0.7967E-02 -0.4188E-01  0.8749E-03  0.4330E-01  0.1350E+00
    33  0.2880E+02  0.9560E-03  0.1983E-02  0.5805E-02  0.2288E-07 -0.1920E+00  0.2384E+00  0.3564E+00 -0.3529E-01  0.4384E+00  0.3616E-01  0.1067E+06  0.1067E+06  0.1067E+06 -0.2443E-02  0.1701E-01  0.1226E-09  0.5033E+00  0.1978E-09  0.1670E-01 -0.2267E-01 -0.9451E-02 -0.4508E-01 -0.5777E-02  0.4717E-01  0.1461E+00
    34  0.2970E+02  0.7325E-03  0.1975E-02  0.5708E-02  0.2221E-07 -0.1858E+00  0.2384E+00  0.3538E+00 -0.1689E-01  0.4374E+00  0.5481E-02  0.1064E+06  0.1064E+06  0.1064E+06 -0.2898E-02  0.1677E-01  0.1213E-09  0.3841E+00 -0.1421E-09  0.1658E-01 -0.2320E-01 -0.8455E-02 -0.4016E-01  0.3612E-02  0.3884E-01  0.1516E+00
    35  0.3060E+02  0.1056E-02  0.1955E-02  0.5547E-02  0.2127E-07 -0.1795E+00  0.2387E+00  0.3649E+00 -0.2131E-01  0.4491E+00 -0.3619E-01  0.1062E+06  0.1062E+06  0.1062E+06 -0.1909E-02  0.1642E-01  0.1211E-09  0.4655E+00  0.4191E-10  0.1615E-01 -0.2229E-01 -0.8249E-02 -0.4259E-01 -0.2453E-02  0.4596E-01  0.1473E+00
    36  0.3150E+02  0.7916E-03  0.1943E-02  0.5452E-02  0.2070E-07 -0.1825E+00  0.2387E+00  0.3631E+00 -0.4842E-01  0.4714E+00 -0.1875E-01  0.1060E+06  0.1060E+06  0.1060E+06 -0.2660E-02  0.1591E-01  0.1230E-09  0.4728E+00 -0.1100E-10  0.1562E-01 -0.2335E-01 -0.9794E-02 -0.4262E-01  0.2042E-02  0.4424E-01  0.1774E+00
    37  0.3240E+02  0.8689E-03  0.1923E-02  0.5334E-02  0.1983E-07 -0.1778E+00  0.2387E+00  0.3539E+00 -0.4004E-01  0.4861E+00 -0.1571E-01  0.1058E+06  0.1058E+06  0.1058E+06 -0.2413E-02  0.1551E-01  0.1236E-09  0.4807E+00  0.2018E-09  0.1521E-01 -0.2262E-01 -0.7718E-02 -0.4197E-01 -0.1574E-02  0.4359E-01  0.1662E+00
    38  0.3330E+02  0.1019E-02  0.1916E-02  0.5292E-02  0.1962E-07 -0.1739E+00  0.2386E+00  0.3550E+00 -0.1949E-02  0.4926E+00  0.1411E-01  0.1057E+06  0.1057E+06  0.1057E+06 -0.1855E-02  0.1536E-01  0.1240E-09  0.5020E+00  0.4392E-09  0.1505E-01 -0.2260E-01 -0.9175E-02 -0.3885E-01  0.3950E-02  0.4104E-01  0.1760E+00
    39  0.3420E+02  0.7142E-03  0.1908E-02  0.5237E-02  0.1923E-07 -0.1709E+00  0.2383E+00  0.3657E+00 -0.1983E-01  0.4908E+00  0.3159E-01  0.1055E+06  0.1055E+06  0.1055E+06 -0.2664E-02  0.1531E-01  0.1232E-09  0.5119E+00  0.5158E-09  0.1499E-01 -0.2339E-01 -0.9119E-02 -0.4389E-01 -0.4561E-02  0.5183E-01  0.1878E+00
    40  0.3510E+02  0.1021E-02  0.1896E-02  0.5226E-02  0.1893E-07 -0.1682E+00  0.2380E+00  0.3590E+00 -0.4694E-01  0.4771E+00  0.4704E-01  0.1053E+06  0.1053E+06  0.1053E+06 -0.1882E-02  0.1549E-01  0.1215E-09  0.5018E+00  0.6990E-09  0.1519E-01 -0.2212E-01 -0.7837E-02 -0.4019E-01  0.3729E-02  0.4315E-01  0.1598E+00
    41  0.3600E+02  0.8615E-03  0.1895E-02  0.5205E-02  0.1872E-07 -0.1609E+00  0.2377E+00  0.3494E+00 -0.2053E-01  0.4593E+00  0.5676E-01  0.1052E+06  0.1052E+06  0.1052E+06 -0.2038E-02  0.1566E-01  0.1191E-09  0.4249E+00  0.7081E-09  0.1544E-01 -0.2300E-01 -0.9657E-02 -0.4023E-01  0.2189E-02  0.3899E-01  0.1756E+00
    42  0.3690E+02  0.8013E-03  0.1887E-02  0.5102E-02  0.1828E-07 -0.1612E+00  0.2375E+00  0.3615E+00 -0.1111E-01  0.4550E+00  0.1776E-01  0.1051E+06  0.1051E+06  0.1051E+06 -0.2333E-02  0.1563E-01  0.1175E-09  0.5060E+00  0.1199E-08  0.1533E-01 -0.2274E-01 -0.8266E-02 -0.4898E-01 -0.7238E-02  0.5204E-01  0.1670E+00
    43  0.3780E+02  0.1050E-02  0.1877E-02  0.5127E-02  0.1823E-07 -0.1559E+00  0.2374E+00  0.3581E+00 -0.4011E-01  0.4539E+00  0.5553E-02  0.1050E+06  0.1050E+06  0.1050E+06 -0.1600E-02  0.1565E-01  0.1177E-09  0.4783E+00  0.1254E-08  0.1538E-01 -0.2227E-01 -0.8610E-02 -0.3414E-01  0.8878E-02  0.3853E-01  0.1611E+00
    44  0.3870E+02  0.7336E-03  0.1874E-02  0.5074E-02  0.1795E-07 -0.1513E+00  0.2372E+00  0.3518E+00 -0.2657E-01  0.4573E+00  0.6575E-03  0.1049E+06  0.1049E+06  0.1049E+06 -0.2141E-02  0.1557E-01  0.1176E-09  0.5311E+00  0.1140E-08  0.1523E-01 -0.2303E-01 -0.9341E-02 -0.4532E-01 -0.5404E-02  0.4694E-01  0.1763E+00
    45  0.3960E+02  0.9624E-03  0.1868E-02  0.5016E-02  0.1775E-07 -0.1492E+00  0.2372E+00  0.3604E+00 -0.1495E-01  0.4645E+00 -0.1507E-01  0.1047E+06  0.1047E+06  0.1047E+06 -0.1849E-02  0.1538E-01  0.1179E-09  0.5304E+00  0.1336E-08  0.1503E-01 -0.2239E-01 -0.8071E-02 -0.4359E-01 -0.4645E-03  0.4779E-01  0.1662E+00
    46  0.4050E+02  0.9292E-03  0.1856E-02  0.4956E-02  0.1735E-07 -0.1469E+00  0.2372E+00  0.3587E+00 -0.4027E-01  0.4680E+00  0.1424E-01  0.1046E+06  0.1046E+06  0.1046E+06 -0.1613E-02  0.1528E-01  0.1176E-09  0.5673E+00  0.1096E-08  0.1488E-01 -0.2271E-01 -0.9199E-02 -0.3416E-01  0.4447E-02  0.4230E-01  0.1777E+00
    47  0.4140E+02  0.7550E-03  0.1848E-02  0.4957E-02  0.1716E-07 -0.1446E+00  0.2371E+00  0.3516E+00 -0.3125E-01  0.4620E+00  0.1473E-01  0.1045E+06  0.1045E+06  0.1045E+06 -0.2059E-02  0.1537E-01  0.1169E-09  0.5708E+00  0.1274E-08  0.1498E-01 -0.2267E-01 -0.8755E-02 -0.4390E-01 -0.3731E-02  0.4833E-01  0.1731E+00
    48  0.4230E+02  0.1049E-02  0.1844E-02  0.4864E-02  0.1684E-07 -0.1421E+00  0.2373E+00  0.3567E+00 -0.1309E-01  0.4571E+00  0.1550E-01  0.1044E+06  0.1044E+06  0.1044E+06 -0.1573E-02  0.1535E-01  0.1151E-09  0.5906E+00  0.1217E-08  0.1492E-01 -0.2252E-01 -0.8341E-02 -0.4150E-01  0.1823E-02  0.4947E-01  0.1700E+00
    49  0.4320E+02  0.7786E-03  0.1832E-02  0.4846E-02  0.1661E-07 -0.1413E+00  0.2373E+00  0.3602E+00 -0.2822E-01  0.4596E+00  0.9779E-02  0.1042E+06  0.1042E+06  0.1042E+06 -0.1719E-02  0.1534E-01  0.1151E-09  0.6324E+00  0.1002E-08  0.1486E-01 -0.2299E-01 -0.9402E-02 -0.3968E-01 -0.1013E-02  0.4921E-01  0.1818E+00
    50  0.4410E+02  0.8977E-03  0.1821E-02  0.4844E-02  0.1634E-07 -0.1406E+00  0.2374E+00  0.3525E+00 -0.3715E-01  0.4521E+00  0.1039E-01  0.1041E+06  0.1041E+06  0.1041E+06 -0.1913E-02  0.1541E-01  0.1140E-09  0.6027E+00  0.6054E-09  0.1498E-01 -0.2237E-01 -0.8301E-02 -0.3768E-01  0.4373E-02  0.4417E-01  0.1662E+00
    51  0.4500E+02  0.9809E-03  0.1819E-02  0.4829E-02  0.1614E-07 -0.1388E+00  0.2375E+00  0.3540E+00 -0.7405E-02  0.4488E+00  0.1126E-01  0.1039E+06  0.1039E+06  0.1039E+06 -0.1389E-02  0.1537E-01  0.1133E-09  0.5359E+00  0.1636E-09  0.1501E-01 -0.2282E-01 -0.8730E-02 -0.4502E-01 -0.2549E-02  0.5006E-01  0.1755E+00
    52  0.4590E+02  0.7413E-03  0.1813E-02  0.4791E-02  0.1594E-07 -0.1388E+00  0.2375E+00  0.3619E+00 -0.1577E-01  0.4550E+00  0.1841E-04  0.1038E+06  0.1038E+06  0.1038E+06 -0.1837E-02  0.1520E-01  0.1137E-09  0.5278E+00  0.2062E-09  0.1485E-01 -0.2291E-01 -0.9254E-02 -0.3857E-01 -0.1364E-02  0.4547E-01  0.1831E+00
    53  0.4680E+02  0.1019E-02  0.1800E-02  0.4779E-02  0.1563E-07 -0.1392E+00  0.2376E+00  0.3618E+00 -0.4592E-01  0.4618E+00 -0.7816E-02  0.1037E+06  0.1037E+06  0.1037E+06 -0.1726E-02  0.1506E-01  0.1144E-09  0.5199E+00  0.3646E-09  0.1473E-01 -0.2225E-01 -0.8120E-02 -0.4137E-01  0.3030E-02  0.4622E-01  0.1717E+00
    54  0.4770E+02  0.8354E-03  0.1792E-02  0.4711E-02  0.1531E-07 -0.1396E+00  0.2374E+00  0.3511E+00 -0.3173E-01  0.4650E+00 -0.1361E-01  0.1036E+06  0.1036E+06  0.1036E+06 -0.1465E-02  0.1488E-01  0.1140E-09  0.5158E+00  0.4101E-09  0.1457E-01 -0.2323E-01 -0.9201E-02 -0.3909E-01  0.1589E-02  0.4123E-01  0.1946E+00
    55  0.4860E+02  0.8438E-03  0.1787E-02  0.4633E-02  0.1495E-07 -0.1392E+00  0.2373E+00  0.3573E+00 -0.1174E-01  0.4735E+00  0.1682E-01  0.1035E+06  0.1035E+06  0.1035E+06 -0.1830E-02  0.1467E-01  0.1141E-09  0.5468E+00  0.2368E-09  0.1431E-01 -0.2231E-01 -0.8757E-02 -0.4521E-01 -0.1915E-02  0.5127E-01  0.1850E+00
    56  0.4950E+02  0.1006E-02  0.1781E-02  0.4601E-02  0.1479E-07 -0.1385E+00  0.2372E+00  0.3598E+00 -0.3570E-01  0.4642E+00  0.2905E-01  0.1034E+06  0.1034E+06  0.1034E+06 -0.1564E-02  0.1473E-01  0.1127E-09  0.5160E+00  0.4551E-09  0.1440E-01 -0.2267E-01 -0.8436E-02 -0.3552E-01  0.3320E-02  0.4494E-01  0.1865E+00
    57  0.5040E+02  0.7568E-03  0.1779E-02  0.4631E-02  0.1466E-07 -0.1359E+00  0.2369E+00  0.3507E+00 -0.3536E-01  0.4564E+00  0.5869E-01  0.1033E+06  0.1033E+06  0.1033E+06 -0.1545E-02  0.1480E-01  0.1121E-09  0.4277E+00  0.5096E-10  0.1458E-01 -0.2293E-01 -0.9229E-02 -0.4394E-01  0.1102E-02  0.4346E-01  0.1918E+00
    58  0.5130E+02  0.9735E-03  0.1762E-02  0.4550E-02  0.1425E-07 -0.1362E+00  0.2367E+00  0.3530E+00 -0.3425E-02  0.4515E+00  0.2031E-01  0.1031E+06  0.1031E+06  0.1031E+06 -0.1756E-02  0.1477E-01  0.1107E-09  0.4773E+00  0.7277E-09  0.1450E-01 -0.2214E-01 -0.8477E-02 -0.3897E-01 -0.2052E-02  0.4207E-01  0.1773E+00
    59  0.5220E+02  0.8880E-03  0.1760E-02  0.4520E-02  0.1408E-07 -0.1353E+00  0.2366E+00  0.3611E+00 -0.2360E-01  0.4433E+00  0.1413E-01  0.1030E+06  0.1030E+06  0.1030E+06 -0.1450E-02  0.1481E-01  0.1095E-09  0.4392E+00  0.1038E-08  0.1458E-01 -0.2289E-01 -0.8831E-02 -0.3860E-01  0.4926E-02  0.4255E-01  0.1885E+00
    60  0.5310E+02  0.8114E-03  0.1751E-02  0.4434E-02  0.1372E-07 -0.1367E+00  0.2365E+00  0.3565E+00 -0.4200E-01  0.4531E+00 -0.8763E-02  0.1029E+06  0.1029E+06  0.1029E+06 -0.1658E-02  0.1460E-01  0.1097E-09  0.5268E+00  0.1117E-08  0.1428E-01 -0.2245E-01 -0.8956E-02 -0.5021E-01 -0.3117E-02  0.5116E-01  0.1888E+00
    61  0.5400E+02  0.1003E-02  0.1738E-02  0.4394E-02  0.1350E-07 -0.1389E+00  0.2364E+00  0.3493E+00 -0.2880E-01  0.4608E+00 -0.4851E-02  0.1028E+06  0.1028E+06  0.1028E+06 -0.1620E-02  0.1441E-01  0.1101E-09  0.5276E+00  0.1156E-08  0.1409E-01 -0.2244E-01 -0.8495E-02 -0.2940E-01  0.8607E-03  0.3502E-01  0.1897E+00
    62  0.5490E+02  0.7915E-03  0.1740E-02  0.4341E-02  0.1328E-07 -0.1386E+00  0.2363E+00  0.3541E+00 -0.1808E-01  0.4621E+00  0.3220E-03  0.1026E+06  0.1026E+06  0.1026E+06 -0.1524E-02  0.1431E-01  0.1096E-09  0.5183E+00  0.1065E-08  0.1398E-01 -0.2270E-01 -0.9011E-02 -0.4515E-01  0.1320E-02  0.5133E-01  0.2001E+00
    63  0.5580E+02  0.9261E-03  0.1729E-02  0.4262E-02  0.1303E-07 -0.1419E+00  0.2363E+00  0.3567E+00 -0.2458E-01  0.4691E+00 -0.3950E-02  0.1024E+06  0.1024E+06  0.1024E+06 -0.1750E-02  0.1417E-01  0.1096E-09  0.6014E+00  0.1453E-08  0.1375E-01 -0.2249E-01 -0.8711E-02 -0.4282E-01  0.6369E-03  0.4996E-01  0.1990E+00
    64  0.5670E+02  0.9241E-03  0.1719E-02  0.4287E-02  0.1293E-07 -0.1451E+00  0.2363E+00  0.3565E+00 -0.2839E-01  0.4703E+00  0.7740E-02  0.1024E+06  0.1024E+06  0.1024E+06 -0.1539E-02  0.1418E-01  0.1100E-09  0.5903E+00  0.1363E-08  0.1377E-01 -0.2257E-01 -0.8676E-02 -0.3666E-01 -0.1345E-02  0.4478E-01  0.1993E+00
    65  0.5760E+02  0.8039E-03  0.1714E-02  0.4248E-02  0.1276E-07 -0.1474E+00  0.2363E+00  0.3553E+00 -0.2787E-01  0.4673E+00  0.2742E-01  0.1023E+06  0.1023E+06  0.1023E+06 -0.1713E-02  0.1419E-01  0.1091E-09  0.6080E+00  0.1153E-08  0.1376E-01 -0.2256E-01 -0.9055E-02 -0.3755E-01  0.1236E-02  0.4679E-01  0.2012E+00
    66  0.5850E+02  0.9799E-03  0.1711E-02  0.4210E-02  0.1258E-07 -0.1471E+00  0.2365E+00  0.3567E+00 -0.3183E-01  0.4626E+00  0.3397E-01  0.1022E+06  0.1022E+06  0.1022E+06 -0.1767E-02  0.1425E-01  0.1079E-09  0.6453E+00  0.9717E-09  0.1378E-01 -0.2247E-01 -0.8510E-02 -0.4687E-01  0.2165E-03  0.5327E-01  0.1958E+00
    67  0.5940E+02  0.8320E-03  0.1703E-02  0.4179E-02  0.1241E-07 -0.1495E+00  0.2365E+00  0.3535E+00 -0.2445E-01  0.4555E+00  0.3687E-01  0.1021E+06  0.1021E+06  0.1021E+06 -0.1549E-02  0.1431E-01  0.1066E-09  0.6568E+00  0.7724E-09  0.1383E-01 -0.2286E-01 -0.8932E-02 -0.3811E-01  0.2202E-03  0.4749E-01  0.2019E+00
    68  0.6030E+02  0.8896E-03  0.1697E-02  0.4140E-02  0.1224E-07 -0.1510E+00  0.2366E+00  0.3546E+00 -0.1951E-01  0.4509E+00  0.7409E-02  0.1020E+06  0.1020E+06  0.1020E+06 -0.1794E-02  0.1433E-01  0.1056E-09  0.6689E+00  0.8281E-09  0.1383E-01 -0.2227E-01 -0.8885E-02 -0.3318E-01 -0.6841E-03  0.4588E-01  0.1923E+00
    69  0.6120E+02  0.9387E-03  0.1698E-02  0.4111E-02  0.1210E-07 -0.1506E+00  0.2366E+00  0.3587E+00 -0.2375E-01  0.4531E+00  0.7753E-02  0.1019E+06  0.1019E+06  0.1019E+06 -0.1737E-02  0.1424E-01  0.1054E-09  0.6570E+00  0.5097E-09  0.1375E-01 -0.2275E-01 -0.8568E-02 -0.4714E-01  0.2054E-02  0.5448E-01  0.2009E+00
    70  0.6210E+02  0.8174E-03  0.1689E-02  0.4071E-02  0.1193E-07 -0.1529E+00  0.2366E+00  0.3535E+00 -0.2906E-01  0.4569E+00 -0.5975E-02  0.1018E+06  0.1018E+06  0.1018E+06 -0.1577E-02  0.1412E-01  0.1053E-09  0.6599E+00  0.5375E-09  0.1363E-01 -0.2279E-01 -0.9018E-02 -0.3473E-01  0.1420E-02  0.4503E-01  0.2069E+00
    71  0.6300E+02  0.9507E-03  0.1691E-02  0.4074E-02  0.1188E-07 -0.1563E+00  0.2366E+00  0.3547E+00 -0.1917E-01  0.4631E+00 -0.6889E-02  0.1017E+06  0.1017E+06  0.1017E+06 -0.1926E-02  0.1398E-01  0.1061E-09  0.6026E+00  0.4603E-09  0.1354E-01 -0.2214E-01 -0.8707E-02 -0.4178E-01 -0.2910E-02  0.5045E-01  0.1992E+00
    72  0.6390E+02  0.8636E-03  0.1681E-02  0.4052E-02  0.1172E-07 -0.1593E+00  0.2364E+00  0.3578E+00 -0.2525E-01  0.4644E+00  0.6354E-02  0.1016E+06  0.1016E+06  0.1016E+06 -0.1717E-02  0.1391E-01  0.1060E-09  0.6195E+00  0.3748E-09  0.1348E-01 -0.2314E-01 -0.8759E-02 -0.3632E-01  0.3899E-02  0.4570E-01  0.2169E+00
    73  0.6480E+02  0.8718E-03  0.1679E-02  0.4057E-02  0.1164E-07 -0.1612E+00  0.2363E+00  0.3554E+00 -0.3825E-01  0.4651E+00  0.2111E-01  0.1016E+06  0.1016E+06  0.1016E+06 -0.1753E-02  0.1390E-01  0.1062E-09  0.6120E+00  0.2492E-09  0.1347E-01 -0.2217E-01 -0.8928E-02 -0.4398E-01 -0.5442E-03  0.5169E-01  0.2029E+00
    74  0.6570E+02  0.9349E-03  0.1669E-02  0.4020E-02  0.1143E-07 -0.1631E+00  0.2361E+00  0.3501E+00 -0.2293E-01  0.4612E+00  0.2369E-01  0.1015E+06  0.1015E+06  0.1015E+06 -0.1986E-02  0.1387E-01  0.1053E-09  0.6000E+00  0.3464E-09  0.1347E-01 -0.2258E-01 -0.8698E-02 -0.3716E-01 -0.1584E-02  0.4534E-01  0.2083E+00
    75  0.6660E+02  0.8363E-03  0.1667E-02  0.4008E-02  0.1129E-07 -0.1640E+00  0.2359E+00  0.3550E+00 -0.1209E-01  0.4534E+00  0.2471E-01  0.1014E+06  0.1014E+06  0.1014E+06 -0.1697E-02  0.1391E-01  0.1043E-09  0.5621E+00  0.5176E-09  0.1355E-01 -0.2275E-01 -0.8803E-02 -0.4068E-01  0.2227E-02  0.4595E-01  0.2103E+00
    76  0.6750E+02  0.9258E-03  0.1659E-02  0.3971E-02  0.1111E-07 -0.1695E+00  0.2358E+00  0.3597E+00 -0.2407E-01  0.4523E+00  0.1708E-01  0.1013E+06  0.1013E+06  0.1013E+06 -0.1956E-02  0.1388E-01  0.1037E-09  0.5942E+00  0.4935E-09  0.1350E-01 -0.2203E-01 -0.8871E-02 -0.4123E-01 -0.2055E-02  0.4883E-01  0.2000E+00
    77  0.6840E+02  0.8816E-03  0.1654E-02  0.3959E-02  0.1103E-07 -0.1733E+00  0.2357E+00  0.3562E+00 -0.3730E-01  0.4487E+00  0.1214E-01  0.1012E+06  0.1012E+06  0.1012E+06 -0.1954E-02  0.1389E-01  0.1032E-09  0.5765E+00  0.5367E-09  0.1352E-01 -0.2289E-01 -0.8736E-02 -0.3580E-01 -0.5183E-03  0.4327E-01  0.2119E+00
    78  0.6930E+02  0.8694E-03  0.1660E-02  0.3937E-02  0.1095E-07 -0.1751E+00  0.2355E+00  0.3515E+00 -0.4023E-01  0.4499E+00  0.9073E-02  0.1011E+06  0.1011E+06  0.1011E+06 -0.1858E-02  0.1378E-01  0.1031E-09  0.4915E+00  0.7209E-09  0.1347E-01 -0.2220E-01 -0.8836E-02 -0.4731E-01  0.2679E-02  0.5145E-01  0.2052E+00
    79  0.7020E+02  0.9216E-03  0.1651E-02  0.3891E-02  0.1079E-07 -0.1763E+00  0.2355E+00  0.3481E+00 -0.2606E-01  0.4516E+00  0.3756E-02  0.1010E+06  0.1010E+06  0.1010E+06 -0.2041E-02  0.1369E-01  0.1027E-09  0.5085E+00  0.7784E-09  0.1336E-01 -0.2243E-01 -0.8791E-02 -0.3172E-01 -0.2289E-02  0.4348E-01  0.2110E+00
    80  0.7110E+02  0.8575E-03  0.1648E-02  0.3873E-02  0.1071E-07 -0.1781E+00  0.2355E+00  0.3533E+00 -0.1404E-01  0.4585E+00  0.1912E-02  0.1009E+06  0.1009E+06  0.1009E+06 -0.1907E-02  0.1364E-01  0.1033E-09  0.5999E+00  0.8723E-09  0.1323E-01 -0.2267E-01 -0.8789E-02 -0.4166E-01 -0.2431E-03  0.5030E-01  0.2168E+00
    81  0.7200E+02  0.9083E-03  0.1643E-02  0.3837E-02  0.1058E-07 -0.1810E+00  0.2355E+00  0.3586E+00 -0.2143E-01  0.4553E+00  0.1103E-01  0.1008E+06  0.1008E+06  0.1008E+06 -0.2040E-02  0.1361E-01  0.1025E-09  0.5855E+00  0.9965E-09  0.1321E-01 -0.2214E-01 -0.8873E-02 -0.4159E-01  0.2793E-02  0.4979E-01  0.2094E+00
    82  0.7290E+02  0.8864E-03  0.1638E-02  0.3815E-02  0.1045E-07 -0.1810E+00  0.2355E+00  0.3547E+00 -0.3979E-01  0.4581E+00  0.6210E-02  0.1007E+06  0.1007E+06  0.1007E+06 -0.2013E-02  0.1355E-01  0.1025E-09  0.6059E+00  0.1089E-08  0.1314E-01 -0.2271E-01 -0.8668E-02 -0.3760E-01 -0.1950E-02  0.4864E-01  0.2192E+00
    83  0.7380E+02  0.8790E-03  0.1631E-02  0.3786E-02  0.1032E-07 -0.1847E+00  0.2356E+00  0.3512E+00 -0.2794E-01  0.4582E+00  0.1184E-01  0.1005E+06  0.1005E+06  0.1005E+06 -0.1911E-02  0.1353E-01  0.1021E-09  0.6315E+00  0.1079E-08  0.1309E-01 -0.2235E-01 -0.8890E-02 -0.3876E-01 -0.1519E-02  0.4946E-01  0.2153E+00
    84  0.7470E+02  0.9037E-03  0.1626E-02  0.3760E-02  0.1023E-07 -0.1888E+00  0.2357E+00  0.3539E+00 -0.1623E-01  0.4566E+00  0.1090E-01  0.1005E+06  0.1005E+06  0.1005E+06 -0.2210E-02  0.1356E-01  0.1016E-09  0.6696E+00  0.1035E-08  0.1307E-01 -0.2239E-01 -0.8857E-02 -0.3948E-01  0.9207E-03  0.5005E-01  0.2153E+00
    85  0.7560E+02  0.8740E-03  0.1633E-02  0.3872E-02  0.1028E-07 -0.1897E+00  0.2357E+00  0.3614E+00 -0.2147E-01  0.4425E+00  0.1956E-01  0.1004E+06  0.1004E+06  0.1004E+06 -0.2007E-02  0.1356E-01  0.1014E-09  0.1677E+00  0.5551E-09  0.1347E-01 -0.2277E-01 -0.8643E-02 -0.4278E-01  0.2644E-02  0.5161E-01  0.2194E+00
    86  0.7650E+02  0.9020E-03  0.1615E-02  0.3724E-02  0.1000E-07 -0.1942E+00  0.2358E+00  0.3586E+00 -0.3755E-01  0.4532E+00  0.1415E-01  0.1003E+06  0.1003E+06  0.1003E+06 -0.2039E-02  0.1354E-01  0.1006E-09  0.6678E+00  0.8517E-09  0.1306E-01 -0.2221E-01 -0.8983E-02 -0.3001E-01 -0.1511E-02  0.4365E-01  0.2134E+00
    87  0.7740E+02  0.8796E-03  0.1618E-02  0.3727E-02  0.9946E-08 -0.1987E+00  0.2358E+00  0.3547E+00 -0.3983E-01  0.4516E+00  0.9331E-02  0.1002E+06  0.1002E+06  0.1002E+06 -0.2295E-02  0.1353E-01  0.1004E-09  0.6276E+00  0.5567E-09  0.1308E-01 -0.2257E-01 -0.8741E-02 -0.4635E-01 -0.2581E-02  0.5349E-01  0.2189E+00
    88  0.7830E+02  0.8950E-03  0.1614E-02  0.3659E-02  0.9788E-08 -0.1979E+00  0.2357E+00  0.3524E+00 -0.2147E-01  0.4520E+00  0.1391E-01  0.1001E+06  0.1001E+06  0.1001E+06 -0.2032E-02  0.1342E-01  0.9959E-10  0.6403E+00  0.6572E-09  0.1296E-01 -0.2270E-01 -0.8717E-02 -0.3717E-01  0.5098E-02  0.4865E-01  0.2238E+00
    89  0.7920E+02  0.8877E-03  0.1612E-02  0.3652E-02  0.9734E-08 -0.2026E+00  0.2357E+00  0.3578E+00 -0.2161E-01  0.4554E+00  0.7243E-02  0.1000E+06  0.1000E+06  0.1000E+06 -0.2221E-02  0.1337E-01  0.9986E-10  0.6500E+00  0.6336E-09  0.1290E-01 -0.2210E-01 -0.8929E-02 -0.3649E-01 -0.1657E-02  0.5093E-01  0.2170E+00
    90  0.8010E+02  0.8815E-03  0.1609E-02  0.3616E-02  0.9604E-08 -0.2061E+00  0.2356E+00  0.3572E+00 -0.3384E-01  0.4532E+00  0.1466E-01  0.9985E+05  0.9985E+05  0.9985E+05 -0.2305E-02  0.1332E-01  0.9915E-10  0.6342E+00  0.5836E-09  0.1286E-01 -0.2285E-01 -0.8742E-02 -0.4062E-01 -0.2790E-02  0.5277E-01  0.2301E+00
    91  0.8100E+02  0.9068E-03  0.1602E-02  0.3605E-02  0.9489E-08 -0.2060E+00  0.2355E+00  0.3532E+00 -0.3714E-01  0.4531E+00  0.3052E-02  0.9978E+05  0.9978E+05  0.9978E+05 -0.2089E-02  0.1331E-01  0.9904E-10  0.6492E+00  0.6590E-09  0.1284E-01 -0.2227E-01 -0.8785E-02 -0.4190E-01  0.1750E-02  0.5298E-01  0.2205E+00
