 #NTuple/Z0                                                                      
 output from Ecalc9f version   2.09
  settings: 
    particle type:            2
    pzmin/pzmax:    0.0000000000000000      /   100.00000000000000     
    transverse cuts:    0.0000000000000000        0.0000000000000000     
    longitudinal cut:    0.0000000000000000     
    RF frequency (MHz):    704.00000000000000     
    sigma cut:    4.0000000000000000     
    subtract out amplitude correlation
    wrnew9 =  F

regn #   Z           Bz          eperp       elong       e6D         Ldim        Pzavg       beta        alpha       betaL       alphaL      n0          n1          n2          Lcan(eVs)   sigmaE      sigmaT      corrE       corrT       sigmaE_c    xavg        yavg        Dx          Dy          Dr          Dr2
     1  0.0000E+00  0.0000E+00  0.8987E-03  0.3021E-02  0.2476E-08 -0.1393E+00  0.2083E+00  0.1493E+00  0.8092E-01  0.7292E+00 -0.1519E-01  0.3321E+05  0.3321E+05  0.3321E+05 -0.9043E-03  0.8801E-02  0.1251E-09  0.7264E+00  0.1076E-08  0.8516E-02 -0.2944E-02 -0.3619E-02 -0.4104E-01 -0.2506E-02  0.2464E-01  0.1613E-01
     2  0.8500E+00  0.0000E+00  0.8843E-03  0.3058E-02  0.2425E-08 -0.1364E+00  0.2082E+00  0.1116E+00  0.4001E+00  0.6919E+00  0.1401E+00  0.3309E+05  0.3309E+05  0.3309E+05 -0.7761E-03  0.9089E-02  0.1229E-09  0.6630E+00  0.3030E-08  0.8879E-02 -0.3148E-02 -0.3345E-02 -0.8207E-02 -0.7519E-03  0.2929E-01  0.1478E-01
     3  0.1700E+01  0.0000E+00  0.8950E-03  0.3066E-02  0.2494E-08 -0.1334E+00  0.2084E+00  0.8114E-01  0.1435E+00  0.6132E+00  0.2309E+00  0.3293E+05  0.3293E+05  0.3293E+05 -0.9219E-03  0.9796E-02  0.1163E-09  0.6523E+00  0.4813E-08  0.9605E-02 -0.3556E-02 -0.3633E-02 -0.1695E-01 -0.2044E-02  0.1885E-01  0.1528E-01
     4  0.2550E+01  0.0000E+00  0.9238E-03  0.3075E-02  0.2678E-08 -0.1260E+00  0.2092E+00  0.9326E-01 -0.1085E-01  0.5286E+00  0.2056E+00  0.3283E+05  0.3283E+05  0.3283E+05 -0.8314E-03  0.1058E-01  0.1091E-09  0.7391E+00  0.6726E-08  0.1033E-01 -0.2899E-02 -0.3557E-02 -0.2206E-01  0.8743E-03  0.5529E-03  0.1042E-01
     5  0.3400E+01  0.0000E+00  0.9211E-03  0.3041E-02  0.2669E-08 -0.1239E+00  0.2099E+00  0.1013E+00  0.4573E-01  0.4701E+00  0.1079E+00  0.3270E+05  0.3270E+05  0.3270E+05 -0.7494E-03  0.1112E-01  0.1026E-09  0.9139E+00  0.7229E-08  0.1076E-01 -0.3419E-02 -0.3361E-02 -0.2444E-01 -0.1122E-02  0.1090E-01  0.1061E-01
     6  0.4250E+01  0.0000E+00  0.8979E-03  0.3038E-02  0.2599E-08 -0.1229E+00  0.2105E+00  0.9947E-01  0.9005E-01  0.4592E+00 -0.2313E-01  0.3259E+05  0.3259E+05  0.3259E+05 -0.8421E-03  0.1132E-01  0.1011E-09  0.1105E+01  0.7385E-08  0.1085E-01 -0.3447E-02 -0.3675E-02 -0.1446E-01 -0.2397E-02  0.1598E-01  0.1145E-01
     7  0.5100E+01  0.0000E+00  0.8935E-03  0.3044E-02  0.2615E-08 -0.1221E+00  0.2110E+00  0.9812E-01  0.1113E+00  0.4918E+00 -0.1371E+00  0.3249E+05  0.3249E+05  0.3249E+05 -0.7215E-03  0.1118E-01  0.1048E-09  0.1212E+01  0.7930E-08  0.1060E-01 -0.3287E-02 -0.3405E-02 -0.2253E-01  0.1346E-02  0.1880E-01  0.1049E-01
     8  0.5950E+01  0.0000E+00  0.8835E-03  0.3058E-02  0.2611E-08 -0.1221E+00  0.2112E+00  0.9582E-01  0.1048E+00  0.5498E+00 -0.1891E+00  0.3238E+05  0.3238E+05  0.3238E+05 -0.7980E-03  0.1084E-01  0.1105E-09  0.1330E+01  0.7812E-08  0.1014E-01 -0.3487E-02 -0.3568E-02 -0.1794E-01 -0.2253E-02  0.1873E-01  0.1234E-01
     9  0.6800E+01  0.0000E+00  0.8774E-03  0.3037E-02  0.2602E-08 -0.1179E+00  0.2110E+00  0.9423E-01  0.9762E-01  0.6122E+00 -0.1556E+00  0.3225E+05  0.3225E+05  0.3225E+05 -0.6992E-03  0.1043E-01  0.1154E-09  0.1489E+01  0.6614E-08  0.9517E-02 -0.3439E-02 -0.3529E-02 -0.1651E-01  0.2493E-03  0.1992E-01  0.1300E-01
    10  0.7650E+01  0.0000E+00  0.8750E-03  0.3011E-02  0.2581E-08 -0.1177E+00  0.2106E+00  0.9439E-01  0.7758E-01  0.6493E+00 -0.6721E-01  0.3213E+05  0.3213E+05  0.3213E+05 -0.7706E-03  0.1019E-01  0.1179E-09  0.1601E+01  0.5262E-08  0.9100E-02 -0.3318E-02 -0.3467E-02 -0.1986E-01 -0.7471E-03  0.2263E-01  0.1293E-01
    11  0.8500E+01  0.0000E+00  0.8642E-03  0.2967E-02  0.2480E-08 -0.1145E+00  0.2099E+00  0.9453E-01  0.6853E-01  0.6427E+00  0.5930E-01  0.3198E+05  0.3198E+05  0.3198E+05 -0.6630E-03  0.1019E-01  0.1161E-09  0.1645E+01  0.3347E-08  0.9054E-02 -0.3368E-02 -0.3585E-02 -0.1535E-01 -0.6638E-03  0.2131E-01  0.1346E-01
    12  0.9350E+01  0.0000E+00  0.8581E-03  0.2904E-02  0.2363E-08 -0.1139E+00  0.2091E+00  0.9519E-01  0.6054E-01  0.5952E+00  0.1608E+00  0.3183E+05  0.3183E+05  0.3183E+05 -0.7308E-03  0.1049E-01  0.1105E-09  0.1659E+01  0.1393E-08  0.9388E-02 -0.3308E-02 -0.3442E-02 -0.2117E-01 -0.9805E-03  0.2280E-01  0.1199E-01
    13  0.1020E+02  0.0000E+00  0.8461E-03  0.2863E-02  0.2240E-08 -0.1106E+00  0.2084E+00  0.9560E-01  0.5385E-01  0.5298E+00  0.1945E+00  0.3173E+05  0.3173E+05  0.3173E+05 -0.6511E-03  0.1090E-01  0.1037E-09  0.1639E+01  0.2364E-10  0.9912E-02 -0.3066E-02 -0.3539E-02 -0.1696E-01 -0.1050E-03  0.1967E-01  0.1060E-01
    14  0.1105E+02  0.0000E+00  0.8414E-03  0.2840E-02  0.2150E-08 -0.1085E+00  0.2078E+00  0.9745E-01  0.4809E-01  0.4674E+00  0.1471E+00  0.3165E+05  0.3165E+05  0.3165E+05 -0.6401E-03  0.1124E-01  0.9725E-10  0.1547E+01 -0.1047E-08  0.1041E-01 -0.3322E-02 -0.3511E-02 -0.2143E-01 -0.9147E-03  0.2064E-01  0.1059E-01
    15  0.1190E+02  0.0000E+00  0.8379E-03  0.2821E-02  0.2095E-08 -0.1052E+00  0.2075E+00  0.9956E-01  0.7185E-01  0.4368E+00  0.4195E-01  0.3159E+05  0.3159E+05  0.3159E+05 -0.6533E-03  0.1131E-01  0.9394E-10  0.1429E+01 -0.2001E-08  0.1061E-01 -0.2962E-02 -0.3455E-02 -0.1729E-01 -0.4481E-03  0.1520E-01  0.9196E-02
    16  0.1275E+02  0.0000E+00  0.8329E-03  0.2815E-02  0.2026E-08 -0.1045E+00  0.2072E+00  0.9783E-01  0.1105E+00  0.4470E+00 -0.7238E-01  0.3154E+05  0.3154E+05  0.3154E+05 -0.5841E-03  0.1103E-01  0.9510E-10  0.1258E+01 -0.2661E-08  0.1049E-01 -0.3179E-02 -0.3549E-02 -0.2265E-01 -0.3270E-03  0.1296E-01  0.1048E-01
    17  0.1360E+02  0.0000E+00  0.8207E-03  0.2811E-02  0.1956E-08 -0.1031E+00  0.2072E+00  0.9202E-01  0.8175E-01  0.4936E+00 -0.1468E+00  0.3149E+05  0.3149E+05  0.3149E+05 -0.6218E-03  0.1048E-01  0.9986E-10  0.1096E+01 -0.2620E-08  0.1005E-01 -0.3100E-02 -0.3465E-02 -0.1687E-01 -0.1532E-02  0.1154E-01  0.1099E-01
    18  0.1445E+02  0.0000E+00  0.8161E-03  0.2794E-02  0.1914E-08 -0.9988E-01  0.2074E+00  0.9366E-01  0.4748E-02  0.5575E+00 -0.1501E+00  0.3146E+05  0.3146E+05  0.3146E+05 -0.5609E-03  0.9812E-02  0.1056E-09  0.9919E+00 -0.1725E-08  0.9442E-02 -0.3119E-02 -0.3497E-02 -0.2001E-01  0.2580E-04  0.1291E-01  0.1273E-01
    19  0.1530E+02  0.0000E+00  0.8134E-03  0.2775E-02  0.1887E-08 -0.9819E-01  0.2077E+00  0.1034E+00  0.1140E-02  0.6076E+00 -0.9502E-01  0.3141E+05  0.3141E+05  0.3141E+05 -0.5781E-03  0.9308E-02  0.1096E-09  0.9379E+00 -0.5423E-09  0.8964E-02 -0.3224E-02 -0.3577E-02 -0.2247E-01  0.2285E-03  0.1359E-01  0.1494E-01
    20  0.1615E+02  0.0000E+00  0.8053E-03  0.2772E-02  0.1851E-08 -0.9450E-01  0.2080E+00  0.1052E+00  0.9239E-01  0.6260E+00 -0.3150E-02  0.3137E+05  0.3137E+05  0.3137E+05 -0.5115E-03  0.9106E-02  0.1111E-09  0.8855E+00  0.6200E-09  0.8797E-02 -0.3126E-02 -0.3413E-02 -0.1623E-01 -0.2049E-02  0.1642E-01  0.1452E-01
    21  0.1700E+02  0.0000E+00  0.8012E-03  0.2786E-02  0.1825E-08 -0.9253E-01  0.2083E+00  0.9861E-01  0.1094E+00  0.6069E+00  0.7687E-01  0.3133E+05  0.3133E+05  0.3133E+05 -0.5517E-03  0.9274E-02  0.1096E-09  0.8635E+00  0.1839E-08  0.8993E-02 -0.3347E-02 -0.3559E-02 -0.2301E-01  0.6669E-03  0.1989E-01  0.1570E-01
    22  0.1785E+02  0.0000E+00  0.7972E-03  0.2789E-02  0.1809E-08 -0.9115E-01  0.2087E+00  0.9640E-01  0.6688E-01  0.5675E+00  0.1171E+00  0.3126E+05  0.3126E+05  0.3126E+05 -0.5006E-03  0.9627E-02  0.1061E-09  0.8824E+00  0.3129E-08  0.9352E-02 -0.3166E-02 -0.3558E-02 -0.1879E-01 -0.1214E-02  0.1396E-01  0.1382E-01
    23  0.1870E+02  0.0000E+00  0.7963E-03  0.2776E-02  0.1800E-08 -0.8967E-01  0.2091E+00  0.9875E-01  0.6111E-01  0.5235E+00  0.1063E+00  0.3119E+05  0.3119E+05  0.3119E+05 -0.4941E-03  0.1003E-01  0.1018E-09  0.9576E+00  0.4000E-08  0.9717E-02 -0.3334E-02 -0.3412E-02 -0.2214E-01  0.3188E-03  0.1242E-01  0.1280E-01
    24  0.1955E+02  0.0000E+00  0.7898E-03  0.2773E-02  0.1781E-08 -0.8693E-01  0.2095E+00  0.9824E-01  0.7473E-01  0.4945E+00  0.5233E-01  0.3115E+05  0.3115E+05  0.3115E+05 -0.5014E-03  0.1030E-01  0.9897E-10  0.1026E+01  0.4703E-08  0.9961E-02 -0.3342E-02 -0.3632E-02 -0.1789E-01 -0.2243E-02  0.1481E-01  0.1304E-01
    25  0.2040E+02  0.0000E+00  0.7864E-03  0.2766E-02  0.1771E-08 -0.8529E-01  0.2098E+00  0.9753E-01  0.7315E-01  0.4901E+00 -0.1616E-01  0.3111E+05  0.3111E+05  0.3111E+05 -0.4481E-03  0.1039E-01  0.9845E-10  0.1117E+01  0.5148E-08  0.9991E-02 -0.3300E-02 -0.3413E-02 -0.2243E-01  0.9527E-03  0.1591E-01  0.1196E-01
    26  0.2125E+02  0.0000E+00  0.7821E-03  0.2770E-02  0.1777E-08 -0.8463E-01  0.2099E+00  0.9732E-01  0.6857E-01  0.5105E+00 -0.7066E-01  0.3108E+05  0.3108E+05  0.3108E+05 -0.4858E-03  0.1030E-01  0.1005E-09  0.1227E+01  0.5210E-08  0.9824E-02 -0.3389E-02 -0.3572E-02 -0.1884E-01 -0.1996E-02  0.1690E-01  0.1308E-01
    27  0.2210E+02  0.0000E+00  0.7787E-03  0.2763E-02  0.1778E-08 -0.8234E-01  0.2099E+00  0.9723E-01  0.7688E-01  0.5420E+00 -0.8240E-01  0.3104E+05  0.3104E+05  0.3104E+05 -0.4303E-03  0.1010E-01  0.1033E-09  0.1341E+01  0.4974E-08  0.9530E-02 -0.3362E-02 -0.3499E-02 -0.1868E-01  0.3330E-03  0.1746E-01  0.1320E-01
    28  0.2295E+02  0.0000E+00  0.7751E-03  0.2760E-02  0.1770E-08 -0.8388E-01  0.2096E+00  0.9599E-01  0.7545E-01  0.5682E+00 -0.5092E-01  0.3099E+05  0.3099E+05  0.3099E+05 -0.4834E-03  0.9940E-02  0.1056E-09  0.1443E+01  0.4245E-08  0.9273E-02 -0.3284E-02 -0.3476E-02 -0.2040E-01 -0.6488E-03  0.1908E-01  0.1325E-01
    29  0.2380E+02  0.0000E+00  0.7721E-03  0.2749E-02  0.1763E-08 -0.8029E-01  0.2092E+00  0.9526E-01  0.6278E-01  0.5781E+00  0.7445E-02  0.3095E+05  0.3095E+05  0.3095E+05 -0.4130E-03  0.9913E-02  0.1062E-09  0.1530E+01  0.3169E-08  0.9151E-02 -0.3346E-02 -0.3576E-02 -0.1803E-01 -0.8109E-03  0.1937E-01  0.1392E-01
    30  0.2465E+02  0.0000E+00  0.7689E-03  0.2736E-02  0.1735E-08 -0.8019E-01  0.2087E+00  0.9616E-01  0.5241E-01  0.5625E+00  0.6773E-01  0.3090E+05  0.3090E+05  0.3090E+05 -0.4620E-03  0.1003E-01  0.1045E-09  0.1544E+01  0.1953E-08  0.9262E-02 -0.3245E-02 -0.3427E-02 -0.1960E-01  0.1629E-03  0.1895E-01  0.1262E-01
    31  0.2550E+02  0.0000E+00  0.7633E-03  0.2717E-02  0.1686E-08 -0.7682E-01  0.2082E+00  0.9707E-01  0.4805E-01  0.5323E+00  0.9904E-01  0.3082E+05  0.3082E+05  0.3082E+05 -0.4072E-03  0.1023E-01  0.1013E-09  0.1535E+01  0.5993E-09  0.9496E-02 -0.3169E-02 -0.3569E-02 -0.2002E-01 -0.1383E-02  0.2035E-01  0.1240E-01
    32  0.2635E+02  0.0000E+00  0.7591E-03  0.2697E-02  0.1639E-08 -0.7571E-01  0.2078E+00  0.9845E-01  0.5166E-01  0.4961E+00  0.8684E-01  0.3076E+05  0.3076E+05  0.3076E+05 -0.4033E-03  0.1042E-01  0.9761E-10  0.1468E+01 -0.3893E-09  0.9774E-02 -0.3248E-02 -0.3470E-02 -0.1969E-01  0.2043E-03  0.1793E-01  0.1178E-01
    33  0.2720E+02  0.0000E+00  0.7540E-03  0.2684E-02  0.1595E-08 -0.7505E-01  0.2075E+00  0.9836E-01  0.7145E-01  0.4739E+00  0.3645E-01  0.3072E+05  0.3072E+05  0.3072E+05 -0.4218E-03  0.1048E-01  0.9530E-10  0.1368E+01 -0.9983E-09  0.9937E-02 -0.3085E-02 -0.3506E-02 -0.1880E-01 -0.1130E-02  0.1596E-01  0.1118E-01
    34  0.2805E+02  0.0000E+00  0.7515E-03  0.2668E-02  0.1556E-08 -0.7316E-01  0.2073E+00  0.9646E-01  0.7029E-01  0.4746E+00 -0.2791E-01  0.3068E+05  0.3068E+05  0.3068E+05 -0.3678E-03  0.1035E-01  0.9517E-10  0.1259E+01 -0.1422E-08  0.9891E-02 -0.3184E-02 -0.3523E-02 -0.2192E-01 -0.9414E-04  0.1532E-01  0.1180E-01
    35  0.2890E+02  0.0000E+00  0.7471E-03  0.2648E-02  0.1525E-08 -0.7327E-01  0.2073E+00  0.9641E-01  0.4735E-01  0.4981E+00 -0.7650E-01  0.3065E+05  0.3065E+05  0.3065E+05 -0.4048E-03  0.1005E-01  0.9712E-10  0.1171E+01 -0.1284E-08  0.9642E-02 -0.3108E-02 -0.3474E-02 -0.1951E-01 -0.9106E-03  0.1384E-01  0.1202E-01
    36  0.2975E+02  0.0000E+00  0.7437E-03  0.2637E-02  0.1501E-08 -0.6983E-01  0.2074E+00  0.9851E-01  0.4073E-01  0.5329E+00 -0.8590E-01  0.3061E+05  0.3061E+05  0.3061E+05 -0.3475E-03  0.9678E-02  0.1002E-09  0.1090E+01 -0.7794E-09  0.9312E-02 -0.3169E-02 -0.3512E-02 -0.1959E-01 -0.1662E-03  0.1388E-01  0.1333E-01
    37  0.3060E+02  0.0000E+00  0.7401E-03  0.2633E-02  0.1479E-08 -0.6946E-01  0.2076E+00  0.1003E+00  0.5742E-01  0.5616E+00 -0.6009E-01  0.3056E+05  0.3056E+05  0.3056E+05 -0.3803E-03  0.9373E-02  0.1027E-09  0.1013E+01 -0.7895E-10  0.9054E-02 -0.3210E-02 -0.3523E-02 -0.2063E-01  0.6337E-04  0.1340E-01  0.1441E-01
    38  0.3145E+02  0.0000E+00  0.7354E-03  0.2635E-02  0.1457E-08 -0.6542E-01  0.2078E+00  0.9870E-01  0.7536E-01  0.5745E+00 -0.1089E-01  0.3053E+05  0.3053E+05  0.3053E+05 -0.3196E-03  0.9232E-02  0.1038E-09  0.9620E+00  0.8640E-09  0.8944E-02 -0.3131E-02 -0.3471E-02 -0.1993E-01 -0.1673E-02  0.1423E-01  0.1433E-01
    39  0.3230E+02  0.0000E+00  0.7307E-03  0.2636E-02  0.1437E-08 -0.6665E-01  0.2080E+00  0.9739E-01  0.5862E-01  0.5688E+00  0.3569E-01  0.3050E+05  0.3050E+05  0.3050E+05 -0.3557E-03  0.9283E-02  0.1033E-09  0.9580E+00  0.1701E-08  0.9003E-02 -0.3288E-02 -0.3522E-02 -0.2094E-01  0.3036E-03  0.1421E-01  0.1507E-01
    40  0.3315E+02  0.0000E+00  0.7271E-03  0.2639E-02  0.1424E-08 -0.6346E-01  0.2083E+00  0.9872E-01  0.4805E-01  0.5490E+00  0.6046E-01  0.3045E+05  0.3045E+05  0.3045E+05 -0.3214E-03  0.9459E-02  0.1016E-09  0.9510E+00  0.2486E-08  0.9191E-02 -0.3219E-02 -0.3538E-02 -0.1914E-01 -0.7989E-03  0.1325E-01  0.1432E-01
    41  0.3400E+02  0.0000E+00  0.7239E-03  0.2637E-02  0.1407E-08 -0.6360E-01  0.2086E+00  0.9990E-01  0.6078E-01  0.5267E+00  0.5606E-01  0.3041E+05  0.3041E+05  0.3041E+05 -0.3252E-03  0.9654E-02  0.9945E-10  0.9631E+00  0.3164E-08  0.9386E-02 -0.3238E-02 -0.3462E-02 -0.2224E-01  0.2334E-03  0.1394E-01  0.1357E-01
    42  0.3485E+02  0.0000E+00  0.7196E-03  0.2634E-02  0.1396E-08 -0.6101E-01  0.2089E+00  0.9878E-01  0.6604E-01  0.5117E+00  0.2905E-01  0.3037E+05  0.3037E+05  0.3037E+05 -0.3024E-03  0.9808E-02  0.9802E-10  0.1020E+01  0.3822E-08  0.9514E-02 -0.3331E-02 -0.3560E-02 -0.1981E-01 -0.2130E-02  0.1654E-01  0.1396E-01
    43  0.3570E+02  0.0000E+00  0.7178E-03  0.2627E-02  0.1395E-08 -0.5933E-01  0.2091E+00  0.9894E-01  0.6742E-01  0.5087E+00 -0.5926E-02  0.3033E+05  0.3033E+05  0.3033E+05 -0.3045E-03  0.9867E-02  0.9770E-10  0.1087E+01  0.4473E-08  0.9533E-02 -0.3278E-02 -0.3466E-02 -0.2008E-01  0.5774E-03  0.1520E-01  0.1323E-01
    44  0.3655E+02  0.0000E+00  0.7149E-03  0.2623E-02  0.1389E-08 -0.5922E-01  0.2091E+00  0.9816E-01  0.7495E-01  0.5174E+00 -0.3284E-01  0.3029E+05  0.3029E+05  0.3029E+05 -0.2965E-03  0.9838E-02  0.9852E-10  0.1178E+01  0.4903E-08  0.9452E-02 -0.3307E-02 -0.3556E-02 -0.2086E-01 -0.1398E-02  0.1635E-01  0.1380E-01
    45  0.3740E+02  0.0000E+00  0.7116E-03  0.2616E-02  0.1386E-08 -0.5676E-01  0.2091E+00  0.9697E-01  0.7213E-01  0.5316E+00 -0.3856E-01  0.3025E+05  0.3025E+05  0.3025E+05 -0.2786E-03  0.9772E-02  0.9970E-10  0.1289E+01  0.4818E-08  0.9312E-02 -0.3323E-02 -0.3487E-02 -0.1899E-01  0.1482E-03  0.1638E-01  0.1376E-01
    46  0.3825E+02  0.0000E+00  0.7112E-03  0.2613E-02  0.1392E-08 -0.5707E-01  0.2089E+00  0.9662E-01  0.6563E-01  0.5442E+00 -0.2170E-01  0.3022E+05  0.3022E+05  0.3022E+05 -0.3000E-03  0.9726E-02  0.1007E-09  0.1383E+01  0.4323E-08  0.9188E-02 -0.3267E-02 -0.3513E-02 -0.2004E-01 -0.9127E-03  0.1676E-01  0.1377E-01
    47  0.3910E+02  0.0000E+00  0.7097E-03  0.2602E-02  0.1385E-08 -0.5474E-01  0.2086E+00  0.9631E-01  0.5923E-01  0.5475E+00  0.7921E-02  0.3018E+05  0.3018E+05  0.3018E+05 -0.2651E-03  0.9734E-02  0.1008E-09  0.1458E+01  0.3557E-08  0.9132E-02 -0.3275E-02 -0.3528E-02 -0.1984E-01 -0.1065E-02  0.1781E-01  0.1383E-01
    48  0.3995E+02  0.0000E+00  0.7066E-03  0.2590E-02  0.1369E-08 -0.5542E-01  0.2083E+00  0.9646E-01  0.4885E-01  0.5386E+00  0.3772E-01  0.3013E+05  0.3013E+05  0.3013E+05 -0.2899E-03  0.9802E-02  0.9966E-10  0.1496E+01  0.2481E-08  0.9182E-02 -0.3237E-02 -0.3471E-02 -0.1898E-01  0.8029E-03  0.1750E-01  0.1324E-01
    49  0.4080E+02  0.0000E+00  0.7039E-03  0.2579E-02  0.1346E-08 -0.5497E-01  0.2080E+00  0.9779E-01  0.4772E-01  0.5230E+00  0.5168E-01  0.3009E+05  0.3009E+05  0.3009E+05 -0.2704E-03  0.9906E-02  0.9800E-10  0.1500E+01  0.1342E-08  0.9294E-02 -0.3220E-02 -0.3560E-02 -0.2112E-01 -0.1711E-02  0.1868E-01  0.1326E-01
    50  0.4165E+02  0.0000E+00  0.7008E-03  0.2570E-02  0.1325E-08 -0.5307E-01  0.2077E+00  0.9828E-01  0.5590E-01  0.5059E+00  0.4356E-01  0.3006E+05  0.3006E+05  0.3006E+05 -0.2632E-03  0.9993E-02  0.9624E-10  0.1463E+01  0.3658E-09  0.9419E-02 -0.3172E-02 -0.3449E-02 -0.1940E-01  0.5456E-03  0.1673E-01  0.1238E-01
    51  0.4250E+02  0.0000E+00  0.6986E-03  0.2565E-02  0.1304E-08 -0.5260E-01  0.2075E+00  0.9762E-01  0.6230E-01  0.4953E+00  0.1897E-01  0.3002E+05  0.3002E+05  0.3002E+05 -0.2656E-03  0.9999E-02  0.9521E-10  0.1378E+01 -0.3294E-09  0.9496E-02 -0.3180E-02 -0.3546E-02 -0.1999E-01 -0.1360E-02  0.1655E-01  0.1273E-01
    52  0.4335E+02  0.0000E+00  0.6953E-03  0.2559E-02  0.1280E-08 -0.5308E-01  0.2074E+00  0.9702E-01  0.5708E-01  0.4965E+00 -0.1411E-01  0.2999E+05  0.2999E+05  0.2999E+05 -0.2586E-03  0.9901E-02  0.9527E-10  0.1275E+01 -0.6756E-09  0.9470E-02 -0.3167E-02 -0.3493E-02 -0.1964E-01  0.2800E-03  0.1432E-01  0.1267E-01
    53  0.4420E+02  0.0000E+00  0.6932E-03  0.2546E-02  0.1257E-08 -0.5186E-01  0.2073E+00  0.9734E-01  0.4684E-01  0.5086E+00 -0.3777E-01  0.2995E+05  0.2995E+05  0.2995E+05 -0.2603E-03  0.9712E-02  0.9618E-10  0.1178E+01 -0.6536E-09  0.9336E-02 -0.3151E-02 -0.3491E-02 -0.2146E-01 -0.1255E-02  0.1431E-01  0.1309E-01
    54  0.4505E+02  0.0000E+00  0.6895E-03  0.2536E-02  0.1239E-08 -0.5066E-01  0.2074E+00  0.9863E-01  0.4257E-01  0.5267E+00 -0.4181E-01  0.2992E+05  0.2992E+05  0.2992E+05 -0.2401E-03  0.9509E-02  0.9766E-10  0.1127E+01 -0.1844E-09  0.9161E-02 -0.3169E-02 -0.3529E-02 -0.2030E-01  0.6938E-03  0.1390E-01  0.1386E-01
    55  0.4590E+02  0.0000E+00  0.6868E-03  0.2528E-02  0.1224E-08 -0.4957E-01  0.2075E+00  0.9950E-01  0.5733E-01  0.5410E+00 -0.2530E-01  0.2988E+05  0.2988E+05  0.2988E+05 -0.2370E-03  0.9346E-02  0.9877E-10  0.1081E+01  0.2755E-09  0.9024E-02 -0.3224E-02 -0.3494E-02 -0.1887E-01 -0.1823E-02  0.1389E-01  0.1442E-01
    56  0.4675E+02  0.0000E+00  0.6840E-03  0.2528E-02  0.1206E-08 -0.4642E-01  0.2077E+00  0.9850E-01  0.6505E-01  0.5469E+00 -0.5151E-03  0.2984E+05  0.2984E+05  0.2984E+05 -0.2351E-03  0.9260E-02  0.9928E-10  0.1021E+01  0.1053E-08  0.8976E-02 -0.3168E-02 -0.3492E-02 -0.2149E-01 -0.4880E-05  0.1339E-01  0.1445E-01
    57  0.4760E+02  0.0000E+00  0.6801E-03  0.2525E-02  0.1190E-08 -0.4676E-01  0.2079E+00  0.9740E-01  0.5155E-01  0.5421E+00  0.2476E-01  0.2981E+05  0.2981E+05  0.2981E+05 -0.2132E-03  0.9283E-02  0.9876E-10  0.9904E+00  0.1525E-08  0.9019E-02 -0.3227E-02 -0.3554E-02 -0.2045E-01  0.6293E-03  0.1295E-01  0.1491E-01
    58  0.4845E+02  0.0000E+00  0.6777E-03  0.2524E-02  0.1180E-08 -0.4501E-01  0.2081E+00  0.9905E-01  0.4505E-01  0.5310E+00  0.3421E-01  0.2977E+05  0.2977E+05  0.2977E+05 -0.2136E-03  0.9374E-02  0.9771E-10  0.9804E+00  0.2202E-08  0.9122E-02 -0.3269E-02 -0.3477E-02 -0.2079E-01 -0.2266E-02  0.1382E-01  0.1449E-01
    59  0.4930E+02  0.0000E+00  0.6742E-03  0.2527E-02  0.1170E-08 -0.4388E-01  0.2083E+00  0.9948E-01  0.5964E-01  0.5197E+00  0.2777E-01  0.2973E+05  0.2973E+05  0.2973E+05 -0.2143E-03  0.9488E-02  0.9674E-10  0.9993E+00  0.2873E-08  0.9230E-02 -0.3200E-02 -0.3502E-02 -0.2030E-01  0.7309E-03  0.1248E-01  0.1398E-01
    60  0.5015E+02  0.0000E+00  0.6709E-03  0.2524E-02  0.1158E-08 -0.4300E-01  0.2085E+00  0.9848E-01  0.6293E-01  0.5130E+00  0.9381E-02  0.2970E+05  0.2970E+05  0.2970E+05 -0.1940E-03  0.9556E-02  0.9610E-10  0.1032E+01  0.3509E-08  0.9286E-02 -0.3333E-02 -0.3566E-02 -0.2140E-01 -0.1550E-02  0.1527E-01  0.1465E-01
    61  0.5100E+02  0.0000E+00  0.6677E-03  0.2521E-02  0.1154E-08 -0.4234E-01  0.2086E+00  0.9824E-01  0.5337E-01  0.5149E+00 -0.1177E-01  0.2966E+05  0.2966E+05  0.2966E+05 -0.2066E-03  0.9574E-02  0.9629E-10  0.1103E+01  0.4076E-08  0.9269E-02 -0.3219E-02 -0.3444E-02 -0.1951E-01  0.4792E-04  0.1476E-01  0.1364E-01
