 #NTuple/Z0                                                                      
 output from Ecalc9f version   2.09
  settings: 
    particle type:            2
    pzmin/pzmax:    0.0000000000000000      /   100.00000000000000     
    transverse cuts:    0.0000000000000000        0.0000000000000000     
    longitudinal cut:    0.0000000000000000     
    RF frequency (MHz):    704.00000000000000     
    sigma cut:    0.0000000000000000     
    subtract out amplitude correlation
    wrnew9 =  F

regn #   Z           Bz          eperp       elong       e6D         Ldim        Pzavg       beta        alpha       betaL       alphaL      n0          n1          n2          Lcan(eVs)   sigmaE      sigmaT      corrE       corrT       sigmaE_c    xavg        yavg        Dx          Dy          Dr          Dr2
     1  0.0000E+00  0.1176E-02  0.1609E-02  0.3616E-02  0.9603E-08 -0.2060E+00  0.2356E+00  0.3571E+00 -0.3368E-01  0.4532E+00  0.1464E-01  0.9984E+05  0.9984E+05  0.9984E+05 -0.2333E-02  0.1332E-01  0.9916E-10  0.6340E+00  0.5831E-09  0.1286E-01 -0.1757E-01 -0.8641E-02 -0.4058E-01 -0.2722E-02  0.5323E-01  0.1484E+00
     2  0.7600E+00  0.1004E-02  0.1600E-02  0.3594E-02  0.9475E-08 -0.2131E+00  0.2355E+00  0.3235E+00 -0.2800E+00  0.4554E+00 -0.7434E-02  0.9952E+05  0.9952E+05  0.9952E+05 -0.2389E-02  0.1326E-01  0.9921E-10  0.6307E+00  0.1005E-08  0.1279E-01 -0.1713E-01 -0.7015E-02 -0.3418E-01  0.1376E-02  0.4377E-01  0.1334E+00
     3  0.1520E+01  0.1151E-02  0.1598E-02  0.3571E-02  0.9388E-08 -0.2101E+00  0.2356E+00  0.2544E+00 -0.2567E+00  0.4619E+00 -0.1633E-01  0.9918E+05  0.9918E+05  0.9918E+05 -0.1992E-02  0.1317E-01  0.9970E-10  0.6913E+00  0.1363E-08  0.1266E-01 -0.1733E-01 -0.8257E-02 -0.3580E-01  0.7992E-03  0.3132E-01  0.1443E+00
     4  0.2280E+01  0.1070E-02  0.1595E-02  0.3523E-02  0.9276E-08 -0.2180E+00  0.2359E+00  0.2344E+00 -0.5361E-01  0.4731E+00 -0.3031E-01  0.9874E+05  0.9874E+05  0.9874E+05 -0.2637E-02  0.1295E-01  0.1003E-09  0.6794E+00  0.1700E-08  0.1244E-01 -0.1734E-01 -0.7708E-02 -0.3599E-01 -0.7897E-02  0.4497E-01  0.1471E+00
     5  0.3040E+01  0.1064E-02  0.1597E-02  0.3516E-02  0.9319E-08 -0.2224E+00  0.2364E+00  0.2621E+00  0.7170E-01  0.4848E+00 -0.2740E-01  0.9854E+05  0.9854E+05  0.9854E+05 -0.2165E-02  0.1285E-01  0.1014E-09  0.7086E+00  0.2045E-08  0.1229E-01 -0.1731E-01 -0.7489E-02 -0.3064E-01  0.9178E-02  0.5489E-01  0.1490E+00
     6  0.3800E+01  0.1152E-02  0.1596E-02  0.3532E-02  0.9359E-08 -0.2289E+00  0.2371E+00  0.2915E+00  0.3663E-01  0.4953E+00 -0.1105E-01  0.9839E+05  0.9839E+05  0.9839E+05 -0.2583E-02  0.1278E-01  0.1026E-09  0.7097E+00  0.2096E-08  0.1221E-01 -0.1777E-01 -0.8308E-02 -0.3548E-01 -0.7319E-02  0.6210E-01  0.1638E+00
     7  0.4560E+01  0.1010E-02  0.1586E-02  0.3493E-02  0.9248E-08 -0.2364E+00  0.2378E+00  0.2985E+00 -0.4943E-01  0.5017E+00  0.3729E-02  0.9818E+05  0.9818E+05  0.9818E+05 -0.2564E-02  0.1275E-01  0.1025E-09  0.7788E+00  0.2286E-08  0.1209E-01 -0.1750E-01 -0.7313E-02 -0.3136E-01  0.2081E-02  0.4937E-01  0.1539E+00
     8  0.5320E+01  0.1163E-02  0.1580E-02  0.3468E-02  0.9148E-08 -0.2361E+00  0.2385E+00  0.2843E+00 -0.9198E-01  0.5040E+00  0.3207E-01  0.9797E+05  0.9797E+05  0.9797E+05 -0.2377E-02  0.1283E-01  0.1021E-09  0.8613E+00  0.2096E-08  0.1205E-01 -0.1800E-01 -0.8151E-02 -0.3230E-01  0.1641E-02  0.4657E-01  0.1653E+00
     9  0.6080E+01  0.1045E-02  0.1570E-02  0.3446E-02  0.8995E-08 -0.2440E+00  0.2391E+00  0.2744E+00 -0.7426E-01  0.4953E+00  0.5084E-01  0.9774E+05  0.9774E+05  0.9774E+05 -0.2723E-02  0.1293E-01  0.1007E-09  0.8693E+00  0.2089E-08  0.1214E-01 -0.1770E-01 -0.7686E-02 -0.3451E-01 -0.7072E-02  0.5186E-01  0.1564E+00
    10  0.6840E+01  0.1096E-02  0.1564E-02  0.3433E-02  0.8880E-08 -0.2468E+00  0.2398E+00  0.2732E+00 -0.2884E-01  0.4843E+00  0.5772E-01  0.9764E+05  0.9764E+05  0.9764E+05 -0.2497E-02  0.1312E-01  0.9917E-10  0.9081E+00  0.1931E-08  0.1228E-01 -0.1802E-01 -0.7681E-02 -0.3231E-01  0.6194E-02  0.5073E-01  0.1573E+00
    11  0.7600E+01  0.1125E-02  0.1552E-02  0.3429E-02  0.8751E-08 -0.2488E+00  0.2403E+00  0.2812E+00 -0.5210E-02  0.4723E+00  0.5073E-01  0.9753E+05  0.9753E+05  0.9753E+05 -0.2638E-02  0.1330E-01  0.9763E-10  0.9313E+00  0.1729E-08  0.1244E-01 -0.1807E-01 -0.8037E-02 -0.3245E-01 -0.6539E-02  0.5362E-01  0.1567E+00
    12  0.8360E+01  0.1028E-02  0.1551E-02  0.3421E-02  0.8705E-08 -0.2534E+00  0.2407E+00  0.2918E+00 -0.1776E-01  0.4623E+00  0.3889E-01  0.9740E+05  0.9740E+05  0.9740E+05 -0.2719E-02  0.1344E-01  0.9625E-10  0.9474E+00  0.1414E-08  0.1257E-01 -0.1793E-01 -0.7537E-02 -0.3334E-01  0.2703E-02  0.5266E-01  0.1489E+00
    13  0.9120E+01  0.1160E-02  0.1543E-02  0.3418E-02  0.8579E-08 -0.2570E+00  0.2409E+00  0.2911E+00 -0.5490E-01  0.4569E+00  0.2062E-01  0.9729E+05  0.9729E+05  0.9729E+05 -0.2563E-02  0.1347E-01  0.9548E-10  0.9356E+00  0.1132E-08  0.1264E-01 -0.1839E-01 -0.7937E-02 -0.3313E-01 -0.1008E-02  0.5160E-01  0.1573E+00
    14  0.9880E+01  0.1034E-02  0.1529E-02  0.3402E-02  0.8388E-08 -0.2606E+00  0.2410E+00  0.2829E+00 -0.7158E-01  0.4559E+00 -0.5399E-03  0.9716E+05  0.9716E+05  0.9716E+05 -0.2795E-02  0.1345E-01  0.9509E-10  0.9403E+00  0.9613E-09  0.1262E-01 -0.1781E-01 -0.7809E-02 -0.3256E-01 -0.1519E-02  0.4964E-01  0.1487E+00
    15  0.1064E+02  0.1116E-02  0.1524E-02  0.3376E-02  0.8256E-08 -0.2626E+00  0.2409E+00  0.2762E+00 -0.3391E-01  0.4574E+00  0.7249E-02  0.9709E+05  0.9709E+05  0.9709E+05 -0.2686E-02  0.1338E-01  0.9484E-10  0.9339E+00  0.5056E-09  0.1255E-01 -0.1830E-01 -0.7594E-02 -0.3417E-01 -0.1311E-02  0.4896E-01  0.1559E+00
    16  0.1140E+02  0.1101E-02  0.1517E-02  0.3358E-02  0.8122E-08 -0.2648E+00  0.2406E+00  0.2813E+00  0.1775E-02  0.4601E+00 -0.8586E-02  0.9700E+05  0.9700E+05  0.9700E+05 -0.2673E-02  0.1326E-01  0.9491E-10  0.9047E+00  0.4163E-09  0.1247E-01 -0.1797E-01 -0.8036E-02 -0.3177E-01  0.1979E-02  0.4646E-01  0.1561E+00
    17  0.1216E+02  0.1049E-02  0.1517E-02  0.3347E-02  0.8035E-08 -0.2589E+00  0.2403E+00  0.2924E+00 -0.1057E-01  0.4606E+00 -0.7047E-02  0.9694E+05  0.9694E+05  0.9694E+05 -0.2817E-02  0.1312E-01  0.9488E-10  0.8218E+00  0.3368E-09  0.1243E-01 -0.1788E-01 -0.7460E-02 -0.3052E-01 -0.2932E-03  0.4939E-01  0.1541E+00
    18  0.1292E+02  0.1148E-02  0.1509E-02  0.3323E-02  0.7916E-08 -0.2655E+00  0.2398E+00  0.2950E+00 -0.6199E-01  0.4639E+00  0.7642E-02  0.9686E+05  0.9686E+05  0.9686E+05 -0.2518E-02  0.1303E-01  0.9500E-10  0.8582E+00  0.3765E-10  0.1233E-01 -0.1826E-01 -0.8029E-02 -0.3661E-01 -0.3100E-02  0.5489E-01  0.1653E+00
    19  0.1368E+02  0.1035E-02  0.1504E-02  0.3304E-02  0.7774E-08 -0.2623E+00  0.2393E+00  0.2818E+00 -0.8971E-01  0.4600E+00  0.1367E-01  0.9677E+05  0.9677E+05  0.9677E+05 -0.2860E-02  0.1296E-01  0.9446E-10  0.8025E+00  0.1044E-09  0.1233E-01 -0.1751E-01 -0.7703E-02 -0.3159E-01  0.5824E-02  0.4632E-01  0.1531E+00
    20  0.1444E+02  0.1126E-02  0.1496E-02  0.3285E-02  0.7622E-08 -0.2603E+00  0.2388E+00  0.2706E+00 -0.5258E-01  0.4580E+00  0.2742E-01  0.9670E+05  0.9670E+05  0.9670E+05 -0.2485E-02  0.1293E-01  0.9411E-10  0.8028E+00  0.6414E-11  0.1231E-01 -0.1802E-01 -0.7604E-02 -0.3401E-01 -0.6944E-02  0.4678E-01  0.1600E+00
    21  0.1520E+02  0.1085E-02  0.1491E-02  0.3274E-02  0.7495E-08 -0.2605E+00  0.2384E+00  0.2751E+00 -0.6109E-03  0.4508E+00  0.3115E-01  0.9659E+05  0.9659E+05  0.9659E+05 -0.2702E-02  0.1290E-01  0.9332E-10  0.7330E+00  0.1330E-09  0.1237E-01 -0.1766E-01 -0.8108E-02 -0.3635E-01  0.3116E-02  0.4576E-01  0.1581E+00
    22  0.1596E+02  0.1066E-02  0.1485E-02  0.3224E-02  0.7319E-08 -0.2534E+00  0.2382E+00  0.2880E+00  0.2586E-02  0.4433E+00  0.2151E-01  0.9648E+05  0.9648E+05  0.9648E+05 -0.2586E-02  0.1287E-01  0.9188E-10  0.7232E+00  0.2129E-09  0.1237E-01 -0.1762E-01 -0.7253E-02 -0.2751E-01  0.3214E-02  0.4209E-01  0.1526E+00
    23  0.1672E+02  0.1134E-02  0.1486E-02  0.3186E-02  0.7194E-08 -0.2486E+00  0.2381E+00  0.2910E+00 -0.3729E-01  0.4393E+00  0.9925E-02  0.9640E+05  0.9640E+05  0.9640E+05 -0.2337E-02  0.1280E-01  0.9095E-10  0.6915E+00  0.2413E-09  0.1235E-01 -0.1795E-01 -0.8184E-02 -0.3937E-01 -0.4177E-02  0.5045E-01  0.1653E+00
    24  0.1748E+02  0.1043E-02  0.1480E-02  0.3153E-02  0.7111E-08 -0.2507E+00  0.2382E+00  0.2860E+00 -0.6506E-01  0.4434E+00 -0.4791E-03  0.9633E+05  0.9633E+05  0.9633E+05 -0.2723E-02  0.1269E-01  0.9090E-10  0.6846E+00  0.4884E-09  0.1223E-01 -0.1753E-01 -0.7626E-02 -0.3060E-01  0.4175E-03  0.4105E-01  0.1577E+00
    25  0.1824E+02  0.1126E-02  0.1477E-02  0.3133E-02  0.6995E-08 -0.2463E+00  0.2384E+00  0.2815E+00 -0.6022E-01  0.4486E+00 -0.1577E-01  0.9626E+05  0.9626E+05  0.9626E+05 -0.2278E-02  0.1258E-01  0.9112E-10  0.6724E+00  0.6201E-09  0.1213E-01 -0.1793E-01 -0.7609E-02 -0.3422E-01  0.4134E-02  0.4481E-01  0.1667E+00
    26  0.1900E+02  0.1079E-02  0.1473E-02  0.3106E-02  0.6955E-08 -0.2473E+00  0.2387E+00  0.2812E+00 -0.4847E-01  0.4613E+00 -0.1740E-01  0.9620E+05  0.9620E+05  0.9620E+05 -0.2489E-02  0.1241E-01  0.9199E-10  0.7027E+00  0.9818E-09  0.1192E-01 -0.1777E-01 -0.8094E-02 -0.3662E-01 -0.7068E-02  0.5054E-01  0.1726E+00
    27  0.1976E+02  0.1077E-02  0.1471E-02  0.3095E-02  0.6914E-08 -0.2423E+00  0.2392E+00  0.2813E+00 -0.3429E-01  0.4706E+00 -0.2512E-01  0.9604E+05  0.9604E+05  0.9604E+05 -0.2483E-02  0.1228E-01  0.9272E-10  0.6910E+00  0.1322E-08  0.1180E-01 -0.1783E-01 -0.7361E-02 -0.3227E-01  0.4880E-02  0.4385E-01  0.1724E+00
    28  0.2052E+02  0.1124E-02  0.1464E-02  0.3066E-02  0.6812E-08 -0.2377E+00  0.2397E+00  0.2838E+00 -0.2065E-01  0.4808E+00 -0.2704E-02  0.9594E+05  0.9594E+05  0.9594E+05 -0.2138E-02  0.1217E-01  0.9319E-10  0.7438E+00  0.1505E-08  0.1163E-01 -0.1821E-01 -0.7996E-02 -0.3416E-01  0.7044E-03  0.4674E-01  0.1873E+00
    29  0.2128E+02  0.1052E-02  0.1461E-02  0.3074E-02  0.6810E-08 -0.2345E+00  0.2403E+00  0.2896E+00 -0.2021E-01  0.4806E+00  0.1131E-01  0.9578E+05  0.9578E+05  0.9578E+05 -0.2479E-02  0.1216E-01  0.9319E-10  0.6925E+00  0.1563E-08  0.1167E-01 -0.1783E-01 -0.7785E-02 -0.3105E-01 -0.3640E-02  0.4726E-01  0.1804E+00
    30  0.2204E+02  0.1122E-02  0.1456E-02  0.3006E-02  0.6645E-08 -0.2271E+00  0.2410E+00  0.2927E+00 -0.3694E-01  0.4819E+00  0.4445E-01  0.9566E+05  0.9566E+05  0.9566E+05 -0.2113E-02  0.1217E-01  0.9208E-10  0.7785E+00  0.1469E-08  0.1155E-01 -0.1844E-01 -0.7564E-02 -0.3500E-01  0.5219E-02  0.4923E-01  0.1899E+00
    31  0.2280E+02  0.1078E-02  0.1449E-02  0.2998E-02  0.6593E-08 -0.2208E+00  0.2415E+00  0.2912E+00 -0.5746E-01  0.4719E+00  0.4342E-01  0.9557E+05  0.9557E+05  0.9557E+05 -0.2118E-02  0.1231E-01  0.9095E-10  0.7941E+00  0.1665E-08  0.1168E-01 -0.1811E-01 -0.8052E-02 -0.3146E-01 -0.3194E-02  0.4829E-01  0.1842E+00
    32  0.2356E+02  0.1082E-02  0.1446E-02  0.3004E-02  0.6562E-08 -0.2194E+00  0.2420E+00  0.2858E+00 -0.5033E-01  0.4630E+00  0.4192E-01  0.9546E+05  0.9546E+05  0.9546E+05 -0.2249E-02  0.1246E-01  0.9008E-10  0.8090E+00  0.1690E-08  0.1181E-01 -0.1830E-01 -0.7566E-02 -0.3491E-01 -0.9336E-04  0.4966E-01  0.1804E+00
    33  0.2432E+02  0.1117E-02  0.1441E-02  0.2970E-02  0.6466E-08 -0.2130E+00  0.2423E+00  0.2843E+00 -0.2500E-01  0.4564E+00  0.3608E-01  0.9538E+05  0.9538E+05  0.9538E+05 -0.1904E-02  0.1253E-01  0.8881E-10  0.8317E+00  0.1581E-08  0.1184E-01 -0.1853E-01 -0.7828E-02 -0.3361E-01  0.3878E-02  0.4885E-01  0.1842E+00
    34  0.2508E+02  0.1058E-02  0.1437E-02  0.2967E-02  0.6438E-08 -0.2095E+00  0.2426E+00  0.2904E+00 -0.1129E-01  0.4517E+00  0.2712E-01  0.9533E+05  0.9533E+05  0.9533E+05 -0.2115E-02  0.1260E-01  0.8817E-10  0.8432E+00  0.1442E-08  0.1190E-01 -0.1812E-01 -0.7830E-02 -0.3059E-01 -0.3312E-02  0.4933E-01  0.1760E+00
    35  0.2584E+02  0.1117E-02  0.1432E-02  0.2946E-02  0.6378E-08 -0.2033E+00  0.2428E+00  0.2950E+00 -0.2588E-01  0.4523E+00  0.7986E-02  0.9523E+05  0.9523E+05  0.9523E+05 -0.1948E-02  0.1264E-01  0.8784E-10  0.9031E+00  0.1350E-08  0.1185E-01 -0.1872E-01 -0.7660E-02 -0.3387E-01  0.2433E-02  0.4988E-01  0.1840E+00
    36  0.2660E+02  0.1081E-02  0.1428E-02  0.2934E-02  0.6340E-08 -0.1992E+00  0.2428E+00  0.2933E+00 -0.4250E-01  0.4510E+00  0.3890E-02  0.9518E+05  0.9518E+05  0.9518E+05 -0.1818E-02  0.1265E-01  0.8751E-10  0.9106E+00  0.1240E-08  0.1185E-01 -0.1825E-01 -0.7867E-02 -0.3237E-01  0.1986E-02  0.4732E-01  0.1771E+00
    37  0.2736E+02  0.1081E-02  0.1423E-02  0.2925E-02  0.6279E-08 -0.1960E+00  0.2427E+00  0.2897E+00 -0.4181E-01  0.4542E+00 -0.4641E-02  0.9508E+05  0.9508E+05  0.9508E+05 -0.1984E-02  0.1261E-01  0.8765E-10  0.9251E+00  0.1042E-08  0.1178E-01 -0.1835E-01 -0.7724E-02 -0.3146E-01 -0.1997E-02  0.4857E-01  0.1786E+00
    38  0.2812E+02  0.1116E-02  0.1416E-02  0.2912E-02  0.6192E-08 -0.1945E+00  0.2424E+00  0.2870E+00 -0.3189E-01  0.4588E+00 -0.4780E-02  0.9499E+05  0.9499E+05  0.9499E+05 -0.1768E-02  0.1252E-01  0.8790E-10  0.9299E+00  0.7934E-09  0.1169E-01 -0.1854E-01 -0.7740E-02 -0.3281E-01  0.2150E-02  0.5070E-01  0.1842E+00
    39  0.2888E+02  0.1061E-02  0.1416E-02  0.2904E-02  0.6152E-08 -0.1874E+00  0.2421E+00  0.2877E+00 -0.2313E-01  0.4594E+00  0.2238E-05  0.9488E+05  0.9488E+05  0.9488E+05 -0.1818E-02  0.1243E-01  0.8788E-10  0.8942E+00  0.6188E-09  0.1165E-01 -0.1801E-01 -0.7797E-02 -0.2964E-01  0.4588E-02  0.4684E-01  0.1778E+00
    40  0.2964E+02  0.1114E-02  0.1412E-02  0.2883E-02  0.6053E-08 -0.1858E+00  0.2417E+00  0.2913E+00 -0.2256E-01  0.4615E+00  0.1597E-01  0.9473E+05  0.9473E+05  0.9473E+05 -0.1753E-02  0.1233E-01  0.8782E-10  0.8730E+00  0.2904E-09  0.1158E-01 -0.1857E-01 -0.7714E-02 -0.3463E-01 -0.5978E-02  0.5079E-01  0.1895E+00
    41  0.3040E+02  0.1085E-02  0.1404E-02  0.2839E-02  0.5916E-08 -0.1812E+00  0.2413E+00  0.2928E+00 -0.3571E-01  0.4609E+00  0.1975E-01  0.9460E+05  0.9460E+05  0.9460E+05 -0.1655E-02  0.1225E-01  0.8717E-10  0.8858E+00  0.2420E-09  0.1148E-01 -0.1799E-01 -0.7862E-02 -0.3053E-01  0.5535E-02  0.4606E-01  0.1824E+00
    42  0.3116E+02  0.1079E-02  0.1402E-02  0.2826E-02  0.5842E-08 -0.1751E+00  0.2410E+00  0.2892E+00 -0.4635E-01  0.4576E+00  0.3111E-01  0.9455E+05  0.9455E+05  0.9455E+05 -0.1754E-02  0.1222E-01  0.8674E-10  0.8605E+00  0.2052E-09  0.1149E-01 -0.1816E-01 -0.7627E-02 -0.3171E-01  0.1677E-02  0.4663E-01  0.1838E+00
    43  0.3192E+02  0.1118E-02  0.1401E-02  0.2817E-02  0.5757E-08 -0.1721E+00  0.2407E+00  0.2827E+00 -0.4087E-01  0.4477E+00  0.3818E-01  0.9449E+05  0.9449E+05  0.9449E+05 -0.1477E-02  0.1221E-01  0.8573E-10  0.7760E+00  0.1141E-09  0.1159E-01 -0.1829E-01 -0.7827E-02 -0.3565E-01 -0.2664E-02  0.4978E-01  0.1876E+00
    44  0.3268E+02  0.1061E-02  0.1392E-02  0.2783E-02  0.5632E-08 -0.1698E+00  0.2405E+00  0.2846E+00 -0.2338E-01  0.4439E+00  0.2793E-01  0.9438E+05  0.9438E+05  0.9438E+05 -0.1670E-02  0.1218E-01  0.8489E-10  0.7972E+00  0.1306E-09  0.1156E-01 -0.1780E-01 -0.7787E-02 -0.2774E-01  0.2573E-02  0.4350E-01  0.1793E+00
    45  0.3344E+02  0.1113E-02  0.1393E-02  0.2772E-02  0.5562E-08 -0.1652E+00  0.2405E+00  0.2882E+00 -0.2733E-01  0.4395E+00  0.2117E-01  0.9429E+05  0.9429E+05  0.9429E+05 -0.1521E-02  0.1217E-01  0.8429E-10  0.7644E+00  0.1172E-09  0.1159E-01 -0.1839E-01 -0.7621E-02 -0.3897E-01  0.2343E-02  0.5213E-01  0.1889E+00
    46  0.3420E+02  0.1087E-02  0.1387E-02  0.2740E-02  0.5461E-08 -0.1630E+00  0.2405E+00  0.2880E+00 -0.3014E-01  0.4358E+00  0.7173E-02  0.9416E+05  0.9416E+05  0.9416E+05 -0.1413E-02  0.1210E-01  0.8345E-10  0.7261E+00  0.2584E-09  0.1157E-01 -0.1796E-01 -0.7940E-02 -0.2992E-01 -0.3268E-02  0.4286E-01  0.1856E+00
    47  0.3496E+02  0.1076E-02  0.1383E-02  0.2705E-02  0.5361E-08 -0.1605E+00  0.2408E+00  0.2875E+00 -0.2955E-01  0.4434E+00 -0.2100E-01  0.9404E+05  0.9404E+05  0.9404E+05 -0.1634E-02  0.1196E-01  0.8360E-10  0.7491E+00  0.4640E-09  0.1141E-01 -0.1812E-01 -0.7685E-02 -0.3121E-01  0.3298E-02  0.4171E-01  0.1909E+00
    48  0.3572E+02  0.1121E-02  0.1385E-02  0.2691E-02  0.5335E-08 -0.1555E+00  0.2411E+00  0.2896E+00 -0.2757E-01  0.4532E+00 -0.3064E-01  0.9397E+05  0.9397E+05  0.9397E+05 -0.1265E-02  0.1177E-01  0.8427E-10  0.7050E+00  0.7384E-09  0.1127E-01 -0.1843E-01 -0.7702E-02 -0.3670E-01  0.3271E-02  0.4814E-01  0.2037E+00
    49  0.3648E+02  0.1058E-02  0.1378E-02  0.2658E-02  0.5261E-08 -0.1553E+00  0.2415E+00  0.2891E+00 -0.3622E-01  0.4656E+00 -0.3004E-01  0.9387E+05  0.9387E+05  0.9387E+05 -0.1453E-02  0.1160E-01  0.8483E-10  0.7292E+00  0.8540E-09  0.1106E-01 -0.1796E-01 -0.7963E-02 -0.2907E-01 -0.4989E-02  0.4620E-01  0.2033E+00
    50  0.3724E+02  0.1115E-02  0.1375E-02  0.2648E-02  0.5198E-08 -0.1511E+00  0.2420E+00  0.2880E+00 -0.3325E-01  0.4743E+00 -0.8549E-02  0.9374E+05  0.9374E+05  0.9374E+05 -0.1431E-02  0.1149E-01  0.8536E-10  0.7299E+00  0.9593E-09  0.1095E-01 -0.1865E-01 -0.7583E-02 -0.3233E-01  0.6969E-02  0.4413E-01  0.2179E+00
    51  0.3800E+02  0.1087E-02  0.1372E-02  0.2639E-02  0.5156E-08 -0.1470E+00  0.2424E+00  0.2894E+00 -0.3002E-01  0.4720E+00  0.1397E-01  0.9366E+05  0.9366E+05  0.9366E+05 -0.1140E-02  0.1147E-01  0.8498E-10  0.6916E+00  0.1215E-08  0.1097E-01 -0.1821E-01 -0.7878E-02 -0.3362E-01 -0.7657E-03  0.4773E-01  0.2134E+00
    52  0.3876E+02  0.1074E-02  0.1366E-02  0.2600E-02  0.5074E-08 -0.1445E+00  0.2429E+00  0.2901E+00 -0.2385E-01  0.4741E+00  0.2883E-01  0.9353E+05  0.9353E+05  0.9353E+05 -0.1494E-02  0.1145E-01  0.8448E-10  0.7516E+00  0.1359E-08  0.1088E-01 -0.1853E-01 -0.7874E-02 -0.3042E-01 -0.1038E-02  0.4739E-01  0.2210E+00
    53  0.3952E+02  0.1125E-02  0.1364E-02  0.2597E-02  0.5043E-08 -0.1410E+00  0.2433E+00  0.2911E+00 -0.2964E-01  0.4672E+00  0.3078E-01  0.9346E+05  0.9346E+05  0.9346E+05 -0.1140E-02  0.1155E-01  0.8382E-10  0.7606E+00  0.1581E-08  0.1097E-01 -0.1863E-01 -0.7567E-02 -0.3184E-01  0.4302E-02  0.4537E-01  0.2174E+00
    54  0.4028E+02  0.1054E-02  0.1362E-02  0.2577E-02  0.5022E-08 -0.1389E+00  0.2437E+00  0.2920E+00 -0.2255E-01  0.4597E+00  0.4507E-01  0.9339E+05  0.9339E+05  0.9339E+05 -0.1256E-02  0.1166E-01  0.8273E-10  0.7990E+00  0.1550E-08  0.1103E-01 -0.1837E-01 -0.8044E-02 -0.3381E-01 -0.9283E-03  0.4862E-01  0.2126E+00
    55  0.4104E+02  0.1119E-02  0.1364E-02  0.2572E-02  0.5022E-08 -0.1370E+00  0.2439E+00  0.2931E+00 -0.2474E-01  0.4524E+00  0.3235E-01  0.9326E+05  0.9326E+05  0.9326E+05 -0.1324E-02  0.1176E-01  0.8196E-10  0.7988E+00  0.1563E-08  0.1111E-01 -0.1888E-01 -0.7649E-02 -0.3110E-01 -0.7044E-03  0.4599E-01  0.2164E+00
    56  0.4180E+02  0.1085E-02  0.1360E-02  0.2555E-02  0.4980E-08 -0.1348E+00  0.2441E+00  0.2930E+00 -0.3015E-01  0.4492E+00  0.2091E-01  0.9316E+05  0.9316E+05  0.9316E+05 -0.1057E-02  0.1180E-01  0.8138E-10  0.8428E+00  0.1650E-08  0.1112E-01 -0.1840E-01 -0.7788E-02 -0.3266E-01  0.6970E-02  0.4600E-01  0.2069E+00
    57  0.4256E+02  0.1073E-02  0.1357E-02  0.2540E-02  0.4957E-08 -0.1361E+00  0.2442E+00  0.2919E+00 -0.2972E-01  0.4483E+00  0.8299E-02  0.9307E+05  0.9307E+05  0.9307E+05 -0.1360E-02  0.1184E-01  0.8101E-10  0.8800E+00  0.1547E-08  0.1110E-01 -0.1879E-01 -0.7932E-02 -0.3012E-01 -0.5213E-02  0.4752E-01  0.2145E+00
    58  0.4332E+02  0.1128E-02  0.1356E-02  0.2537E-02  0.4944E-08 -0.1384E+00  0.2441E+00  0.2918E+00 -0.2781E-01  0.4511E+00 -0.1130E-02  0.9300E+05  0.9300E+05  0.9300E+05 -0.1153E-02  0.1181E-01  0.8120E-10  0.8838E+00  0.1485E-08  0.1105E-01 -0.1862E-01 -0.7616E-02 -0.3605E-01  0.2479E-02  0.5146E-01  0.2097E+00
    59  0.4408E+02  0.1050E-02  0.1350E-02  0.2525E-02  0.4903E-08 -0.1343E+00  0.2440E+00  0.2902E+00 -0.2992E-01  0.4521E+00 -0.1463E-02  0.9291E+05  0.9291E+05  0.9291E+05 -0.1224E-02  0.1181E-01  0.8107E-10  0.9178E+00  0.1394E-08  0.1101E-01 -0.1850E-01 -0.7932E-02 -0.2485E-01  0.6761E-02  0.4294E-01  0.2093E+00
    60  0.4484E+02  0.1123E-02  0.1347E-02  0.2525E-02  0.4867E-08 -0.1353E+00  0.2438E+00  0.2904E+00 -0.2172E-01  0.4566E+00  0.5912E-04  0.9285E+05  0.9285E+05  0.9285E+05 -0.1215E-02  0.1177E-01  0.8145E-10  0.9252E+00  0.1171E-08  0.1095E-01 -0.1878E-01 -0.7708E-02 -0.3725E-01 -0.9073E-02  0.5477E-01  0.2146E+00
    61  0.4560E+02  0.1082E-02  0.1339E-02  0.2497E-02  0.4800E-08 -0.1365E+00  0.2435E+00  0.2917E+00 -0.2315E-01  0.4561E+00  0.8997E-02  0.9276E+05  0.9276E+05  0.9276E+05 -0.1170E-02  0.1175E-01  0.8095E-10  0.9575E+00  0.9491E-09  0.1089E-01 -0.1836E-01 -0.7844E-02 -0.2628E-01  0.9909E-02  0.4437E-01  0.2075E+00
    62  0.4636E+02  0.1075E-02  0.1341E-02  0.2498E-02  0.4771E-08 -0.1354E+00  0.2432E+00  0.2914E+00 -0.3061E-01  0.4558E+00  0.9228E-02  0.9269E+05  0.9269E+05  0.9269E+05 -0.1267E-02  0.1171E-01  0.8097E-10  0.9308E+00  0.8136E-09  0.1089E-01 -0.1861E-01 -0.7745E-02 -0.3614E-01 -0.2190E-02  0.5469E-01  0.2128E+00
    63  0.4712E+02  0.1129E-02  0.1336E-02  0.2472E-02  0.4699E-08 -0.1386E+00  0.2429E+00  0.2889E+00 -0.2674E-01  0.4536E+00  0.2030E-01  0.9261E+05  0.9261E+05  0.9261E+05 -0.1131E-02  0.1165E-01  0.8038E-10  0.9227E+00  0.5183E-09  0.1085E-01 -0.1851E-01 -0.7823E-02 -0.2897E-01 -0.2448E-03  0.4800E-01  0.2130E+00
    64  0.4788E+02  0.1047E-02  0.1337E-02  0.2470E-02  0.4668E-08 -0.1389E+00  0.2427E+00  0.2894E+00 -0.2539E-01  0.4487E+00  0.1728E-01  0.9255E+05  0.9255E+05  0.9255E+05 -0.1297E-02  0.1165E-01  0.7994E-10  0.8682E+00  0.4199E-09  0.1090E-01 -0.1823E-01 -0.7823E-02 -0.2881E-01  0.2718E-02  0.4702E-01  0.2074E+00
    65  0.4864E+02  0.1127E-02  0.1336E-02  0.2439E-02  0.4597E-08 -0.1410E+00  0.2425E+00  0.2901E+00 -0.2245E-01  0.4498E+00  0.2275E-01  0.9248E+05  0.9248E+05  0.9248E+05 -0.1239E-02  0.1156E-01  0.7955E-10  0.8894E+00  0.1633E-09  0.1081E-01 -0.1868E-01 -0.7741E-02 -0.3849E-01  0.1068E-02  0.5491E-01  0.2188E+00
    66  0.4940E+02  0.1078E-02  0.1334E-02  0.2431E-02  0.4558E-08 -0.1396E+00  0.2424E+00  0.2893E+00 -0.2967E-01  0.4443E+00  0.1841E-01  0.9243E+05  0.9243E+05  0.9243E+05 -0.1157E-02  0.1151E-01  0.7895E-10  0.8338E+00  0.1324E-09  0.1085E-01 -0.1818E-01 -0.7836E-02 -0.2472E-01  0.3355E-03  0.4210E-01  0.2107E+00
    67  0.5016E+02  0.1078E-02  0.1338E-02  0.2422E-02  0.4528E-08 -0.1430E+00  0.2424E+00  0.2880E+00 -0.2748E-01  0.4439E+00  0.9039E-02  0.9240E+05  0.9240E+05  0.9240E+05 -0.1358E-02  0.1146E-01  0.7875E-10  0.7918E+00  0.6423E-10  0.1084E-01 -0.1845E-01 -0.7833E-02 -0.3483E-01 -0.1174E-02  0.4909E-01  0.2183E+00
    68  0.5092E+02  0.1128E-02  0.1335E-02  0.2394E-02  0.4457E-08 -0.1428E+00  0.2425E+00  0.2896E+00 -0.2315E-01  0.4443E+00  0.6106E-03  0.9230E+05  0.9230E+05  0.9230E+05 -0.1188E-02  0.1136E-01  0.7834E-10  0.7797E+00  0.2632E-09  0.1077E-01 -0.1858E-01 -0.7710E-02 -0.3442E-01  0.5589E-02  0.4617E-01  0.2234E+00
    69  0.5168E+02  0.1046E-02  0.1325E-02  0.2379E-02  0.4357E-08 -0.1473E+00  0.2428E+00  0.2919E+00 -0.2463E-01  0.4502E+00 -0.1601E-01  0.9215E+05  0.9215E+05  0.9215E+05 -0.1264E-02  0.1125E-01  0.7857E-10  0.7722E+00  0.3626E-09  0.1068E-01 -0.1818E-01 -0.7898E-02 -0.2723E-01 -0.3490E-02  0.4449E-01  0.2217E+00
    70  0.5244E+02  0.1130E-02  0.1325E-02  0.2364E-02  0.4313E-08 -0.1499E+00  0.2430E+00  0.2914E+00 -0.3308E-01  0.4565E+00 -0.1128E-01  0.9206E+05  0.9206E+05  0.9206E+05 -0.1392E-02  0.1110E-01  0.7880E-10  0.7396E+00  0.4103E-09  0.1058E-01 -0.1879E-01 -0.7806E-02 -0.3470E-01  0.1575E-02  0.4756E-01  0.2403E+00
    71  0.5320E+02  0.1074E-02  0.1326E-02  0.2339E-02  0.4276E-08 -0.1483E+00  0.2433E+00  0.2900E+00 -0.3714E-01  0.4609E+00 -0.9663E-02  0.9200E+05  0.9200E+05  0.9200E+05 -0.1183E-02  0.1098E-01  0.7875E-10  0.7062E+00  0.6923E-09  0.1048E-01 -0.1838E-01 -0.7702E-02 -0.3279E-01  0.1953E-02  0.4672E-01  0.2359E+00
    72  0.5396E+02  0.1081E-02  0.1322E-02  0.2330E-02  0.4227E-08 -0.1510E+00  0.2437E+00  0.2890E+00 -0.2269E-01  0.4665E+00 -0.1423E-02  0.9190E+05  0.9190E+05  0.9190E+05 -0.1384E-02  0.1090E-01  0.7903E-10  0.7041E+00  0.8923E-09  0.1040E-01 -0.1870E-01 -0.7995E-02 -0.3045E-01 -0.2847E-03  0.4370E-01  0.2497E+00
    73  0.5472E+02  0.1126E-02  0.1318E-02  0.2298E-02  0.4161E-08 -0.1524E+00  0.2441E+00  0.2928E+00 -0.2011E-01  0.4646E+00  0.1280E-01  0.9181E+05  0.9181E+05  0.9181E+05 -0.1319E-02  0.1088E-01  0.7826E-10  0.7303E+00  0.8918E-09  0.1037E-01 -0.1871E-01 -0.7692E-02 -0.3038E-01 -0.5173E-03  0.4519E-01  0.2486E+00
    74  0.5548E+02  0.1046E-02  0.1319E-02  0.2291E-02  0.4150E-08 -0.1548E+00  0.2444E+00  0.2954E+00 -0.2266E-01  0.4632E+00  0.2327E-01  0.9174E+05  0.9174E+05  0.9174E+05 -0.1321E-02  0.1090E-01  0.7799E-10  0.7345E+00  0.1090E-08  0.1038E-01 -0.1855E-01 -0.7894E-02 -0.3506E-01  0.2773E-02  0.4877E-01  0.2467E+00
    75  0.5624E+02  0.1132E-02  0.1322E-02  0.2306E-02  0.4182E-08 -0.1570E+00  0.2447E+00  0.2929E+00 -0.3088E-01  0.4556E+00  0.2664E-01  0.9165E+05  0.9165E+05  0.9165E+05 -0.1453E-02  0.1097E-01  0.7760E-10  0.6383E+00  0.1188E-08  0.1051E-01 -0.1900E-01 -0.7846E-02 -0.2840E-01 -0.2328E-02  0.4371E-01  0.2535E+00
    76  0.5700E+02  0.1071E-02  0.1318E-02  0.2287E-02  0.4161E-08 -0.1606E+00  0.2450E+00  0.2942E+00 -0.2897E-01  0.4540E+00  0.2184E-01  0.9159E+05  0.9159E+05  0.9159E+05 -0.1311E-02  0.1106E-01  0.7717E-10  0.7700E+00  0.1482E-08  0.1049E-01 -0.1853E-01 -0.7700E-02 -0.3256E-01  0.3282E-02  0.4513E-01  0.2385E+00
    77  0.5776E+02  0.1085E-02  0.1313E-02  0.2278E-02  0.4135E-08 -0.1630E+00  0.2452E+00  0.2937E+00 -0.2866E-01  0.4515E+00  0.2044E-01  0.9154E+05  0.9154E+05  0.9154E+05 -0.1490E-02  0.1114E-01  0.7679E-10  0.8237E+00  0.1540E-08  0.1050E-01 -0.1899E-01 -0.7963E-02 -0.3043E-01 -0.1920E-03  0.4731E-01  0.2478E+00
    78  0.5852E+02  0.1123E-02  0.1309E-02  0.2270E-02  0.4100E-08 -0.1673E+00  0.2452E+00  0.2943E+00 -0.3036E-01  0.4480E+00  0.2147E-01  0.9147E+05  0.9147E+05  0.9147E+05 -0.1407E-02  0.1118E-01  0.7632E-10  0.8330E+00  0.1467E-08  0.1053E-01 -0.1879E-01 -0.7679E-02 -0.3431E-01 -0.3333E-02  0.5137E-01  0.2397E+00
    79  0.5928E+02  0.1048E-02  0.1308E-02  0.2262E-02  0.4082E-08 -0.1681E+00  0.2453E+00  0.2926E+00 -0.2638E-01  0.4424E+00  0.1279E-01  0.9140E+05  0.9140E+05  0.9140E+05 -0.1485E-02  0.1123E-01  0.7566E-10  0.8312E+00  0.1367E-08  0.1057E-01 -0.1871E-01 -0.7911E-02 -0.2684E-01  0.7715E-02  0.4421E-01  0.2374E+00
    80  0.6004E+02  0.1132E-02  0.1307E-02  0.2256E-02  0.4070E-08 -0.1705E+00  0.2452E+00  0.2933E+00 -0.2174E-01  0.4467E+00  0.7280E-02  0.9133E+05  0.9133E+05  0.9133E+05 -0.1499E-02  0.1122E-01  0.7592E-10  0.8613E+00  0.1297E-08  0.1050E-01 -0.1902E-01 -0.7767E-02 -0.3757E-01 -0.6372E-02  0.5397E-01  0.2440E+00
    81  0.6080E+02  0.1070E-02  0.1304E-02  0.2245E-02  0.4060E-08 -0.1747E+00  0.2451E+00  0.2951E+00 -0.2308E-01  0.4457E+00 -0.2320E-02  0.9124E+05  0.9124E+05  0.9124E+05 -0.1478E-02  0.1121E-01  0.7569E-10  0.8758E+00  0.1356E-08  0.1049E-01 -0.1858E-01 -0.7861E-02 -0.2584E-01  0.3338E-02  0.4663E-01  0.2349E+00
    82  0.6156E+02  0.1088E-02  0.1304E-02  0.2252E-02  0.4043E-08 -0.1754E+00  0.2449E+00  0.2941E+00 -0.3165E-01  0.4449E+00 -0.1050E-02  0.9119E+05  0.9119E+05  0.9119E+05 -0.1613E-02  0.1121E-01  0.7571E-10  0.8419E+00  0.1105E-08  0.1051E-01 -0.1889E-01 -0.7779E-02 -0.3386E-01  0.1582E-02  0.5387E-01  0.2409E+00
    83  0.6232E+02  0.1119E-02  0.1299E-02  0.2217E-02  0.3994E-08 -0.1781E+00  0.2447E+00  0.2914E+00 -0.2632E-01  0.4508E+00  0.9366E-02  0.9109E+05  0.9109E+05  0.9109E+05 -0.1445E-02  0.1114E-01  0.7564E-10  0.9158E+00  0.1061E-08  0.1035E-01 -0.1876E-01 -0.7781E-02 -0.3062E-01 -0.7594E-03  0.4928E-01  0.2406E+00
    84  0.6308E+02  0.1052E-02  0.1297E-02  0.2222E-02  0.3968E-08 -0.1797E+00  0.2444E+00  0.2928E+00 -0.2139E-01  0.4481E+00 -0.2955E-02  0.9105E+05  0.9105E+05  0.9105E+05 -0.1620E-02  0.1112E-01  0.7554E-10  0.8702E+00  0.1070E-08  0.1039E-01 -0.1854E-01 -0.7908E-02 -0.2803E-01  0.1076E-02  0.4905E-01  0.2375E+00
    85  0.6384E+02  0.1130E-02  0.1291E-02  0.2184E-02  0.3883E-08 -0.1802E+00  0.2442E+00  0.2951E+00 -0.2475E-01  0.4520E+00  0.2160E-01  0.9097E+05  0.9097E+05  0.9097E+05 -0.1560E-02  0.1106E-01  0.7514E-10  0.9353E+00  0.5702E-09  0.1025E-01 -0.1894E-01 -0.7717E-02 -0.3466E-01  0.2622E-02  0.5454E-01  0.2469E+00
    86  0.6460E+02  0.1069E-02  0.1290E-02  0.2172E-02  0.3855E-08 -0.1800E+00  0.2441E+00  0.2926E+00 -0.3270E-01  0.4443E+00  0.2632E-01  0.9090E+05  0.9090E+05  0.9090E+05 -0.1468E-02  0.1108E-01  0.7433E-10  0.9128E+00  0.4807E-09  0.1031E-01 -0.1843E-01 -0.7867E-02 -0.2633E-01 -0.6125E-03  0.4568E-01  0.2357E+00
    87  0.6536E+02  0.1091E-02  0.1292E-02  0.2155E-02  0.3819E-08 -0.1837E+00  0.2440E+00  0.2922E+00 -0.2268E-01  0.4431E+00  0.1839E-01  0.9084E+05  0.9084E+05  0.9084E+05 -0.1702E-02  0.1104E-01  0.7395E-10  0.9008E+00  0.3879E-09  0.1028E-01 -0.1876E-01 -0.7839E-02 -0.3484E-01 -0.5184E-03  0.5345E-01  0.2446E+00
    88  0.6612E+02  0.1115E-02  0.1293E-02  0.2155E-02  0.3802E-08 -0.1844E+00  0.2439E+00  0.2927E+00 -0.2532E-01  0.4372E+00  0.1040E-01  0.9076E+05  0.9076E+05  0.9076E+05 -0.1500E-02  0.1100E-01  0.7345E-10  0.8321E+00  0.2671E-09  0.1034E-01 -0.1872E-01 -0.7701E-02 -0.3009E-01  0.3645E-02  0.4871E-01  0.2434E+00
    89  0.6688E+02  0.1056E-02  0.1291E-02  0.2140E-02  0.3762E-08 -0.1846E+00  0.2440E+00  0.2925E+00 -0.3350E-01  0.4393E+00  0.2779E-02  0.9070E+05  0.9070E+05  0.9070E+05 -0.1610E-02  0.1096E-01  0.7335E-10  0.8543E+00  0.1936E-09  0.1028E-01 -0.1844E-01 -0.7928E-02 -0.2841E-01 -0.1211E-02  0.4976E-01  0.2413E+00
    90  0.6764E+02  0.1127E-02  0.1290E-02  0.2130E-02  0.3719E-08 -0.1884E+00  0.2441E+00  0.2914E+00 -0.2622E-01  0.4394E+00  0.6085E-02  0.9065E+05  0.9065E+05  0.9065E+05 -0.1667E-02  0.1089E-01  0.7316E-10  0.8262E+00  0.8665E-10  0.1026E-01 -0.1895E-01 -0.7726E-02 -0.3520E-01 -0.1239E-02  0.5058E-01  0.2544E+00
    91  0.6840E+02  0.1070E-02  0.1288E-02  0.2114E-02  0.3665E-08 -0.1871E+00  0.2443E+00  0.2933E+00 -0.2390E-01  0.4402E+00 -0.6390E-02  0.9053E+05  0.9053E+05  0.9053E+05 -0.1498E-02  0.1077E-01  0.7292E-10  0.7663E+00  0.2910E-09  0.1022E-01 -0.1853E-01 -0.7817E-02 -0.2886E-01  0.2091E-02  0.4601E-01  0.2513E+00
    92  0.6916E+02  0.1093E-02  0.1288E-02  0.2099E-02  0.3628E-08 -0.1854E+00  0.2445E+00  0.2937E+00 -0.2606E-01  0.4488E+00 -0.1117E-01  0.9044E+05  0.9044E+05  0.9044E+05 -0.1686E-02  0.1063E-01  0.7334E-10  0.7441E+00  0.4030E-09  0.1009E-01 -0.1878E-01 -0.7897E-02 -0.3085E-01 -0.6588E-03  0.4765E-01  0.2648E+00
    93  0.6992E+02  0.1111E-02  0.1283E-02  0.2072E-02  0.3571E-08 -0.1871E+00  0.2448E+00  0.2940E+00 -0.3172E-01  0.4526E+00 -0.8122E-02  0.9034E+05  0.9034E+05  0.9034E+05 -0.1526E-02  0.1054E-01  0.7314E-10  0.7713E+00  0.5795E-09  0.9991E-02 -0.1889E-01 -0.7710E-02 -0.3275E-01  0.4897E-04  0.4938E-01  0.2706E+00
    94  0.7068E+02  0.1061E-02  0.1282E-02  0.2067E-02  0.3553E-08 -0.1888E+00  0.2451E+00  0.2946E+00 -0.2794E-01  0.4569E+00 -0.3721E-02  0.9027E+05  0.9027E+05  0.9027E+05 -0.1609E-02  0.1048E-01  0.7337E-10  0.7573E+00  0.8330E-09  0.9939E-02 -0.1863E-01 -0.7930E-02 -0.3057E-01  0.8341E-05  0.4786E-01  0.2704E+00
    95  0.7144E+02  0.1123E-02  0.1282E-02  0.2066E-02  0.3544E-08 -0.1915E+00  0.2454E+00  0.2935E+00 -0.2539E-01  0.4597E+00  0.4233E-02  0.9019E+05  0.9019E+05  0.9019E+05 -0.1709E-02  0.1045E-01  0.7355E-10  0.7474E+00  0.9306E-09  0.9914E-02 -0.1910E-01 -0.7738E-02 -0.3039E-01  0.2110E-02  0.4638E-01  0.2818E+00
    96  0.7220E+02  0.1073E-02  0.1277E-02  0.2052E-02  0.3517E-08 -0.1921E+00  0.2457E+00  0.2967E+00 -0.2352E-01  0.4587E+00  0.2265E-01  0.9008E+05  0.9008E+05  0.9008E+05 -0.1508E-02  0.1047E-01  0.7322E-10  0.7854E+00  0.1118E-08  0.9902E-02 -0.1876E-01 -0.7805E-02 -0.3196E-01 -0.1792E-02  0.4961E-01  0.2736E+00
    97  0.7296E+02  0.1094E-02  0.1278E-02  0.2046E-02  0.3510E-08 -0.1931E+00  0.2459E+00  0.2982E+00 -0.2826E-01  0.4549E+00  0.2602E-01  0.9004E+05  0.9004E+05  0.9004E+05 -0.1744E-02  0.1052E-01  0.7281E-10  0.7896E+00  0.1266E-08  0.9935E-02 -0.1901E-01 -0.7946E-02 -0.3064E-01  0.1787E-02  0.4942E-01  0.2792E+00
    98  0.7372E+02  0.1108E-02  0.1278E-02  0.2038E-02  0.3502E-08 -0.1926E+00  0.2461E+00  0.2966E+00 -0.3443E-01  0.4500E+00  0.2563E-01  0.8996E+05  0.8996E+05  0.8996E+05 -0.1592E-02  0.1058E-01  0.7227E-10  0.8049E+00  0.1348E-08  0.9974E-02 -0.1903E-01 -0.7657E-02 -0.3065E-01 -0.3273E-03  0.4987E-01  0.2741E+00
    99  0.7448E+02  0.1066E-02  0.1278E-02  0.2031E-02  0.3514E-08 -0.1928E+00  0.2462E+00  0.2943E+00 -0.2964E-01  0.4454E+00  0.2016E-01  0.8988E+05  0.8988E+05  0.8988E+05 -0.1620E-02  0.1066E-01  0.7181E-10  0.8349E+00  0.1461E-08  0.1001E-01 -0.1880E-01 -0.7956E-02 -0.2872E-01  0.1269E-02  0.4663E-01  0.2676E+00
   100  0.7524E+02  0.1117E-02  0.1277E-02  0.2026E-02  0.3497E-08 -0.1929E+00  0.2462E+00  0.2943E+00 -0.1850E-01  0.4431E+00  0.1910E-01  0.8982E+05  0.8982E+05  0.8982E+05 -0.1727E-02  0.1071E-01  0.7149E-10  0.8567E+00  0.1362E-08  0.1003E-01 -0.1920E-01 -0.7747E-02 -0.3533E-01 -0.8450E-03  0.5288E-01  0.2728E+00
   101  0.7600E+02  0.1076E-02  0.1272E-02  0.2019E-02  0.3486E-08 -0.1943E+00  0.2462E+00  0.2980E+00 -0.1578E-01  0.4408E+00  0.7744E-02  0.8973E+05  0.8973E+05  0.8973E+05 -0.1531E-02  0.1074E-01  0.7119E-10  0.8857E+00  0.1374E-08  0.1003E-01 -0.1881E-01 -0.7788E-02 -0.2458E-01  0.1171E-02  0.4493E-01  0.2620E+00
   102  0.7676E+02  0.1094E-02  0.1277E-02  0.2028E-02  0.3515E-08 -0.1920E+00  0.2462E+00  0.3000E+00 -0.2508E-01  0.4409E+00  0.6142E-02  0.8967E+05  0.8967E+05  0.8967E+05 -0.1733E-02  0.1077E-01  0.7131E-10  0.8523E+00  0.1159E-08  0.1005E-01 -0.1904E-01 -0.7925E-02 -0.3281E-01  0.1226E-02  0.5271E-01  0.2675E+00
   103  0.7752E+02  0.1104E-02  0.1273E-02  0.1996E-02  0.3470E-08 -0.1918E+00  0.2461E+00  0.2987E+00 -0.3520E-01  0.4441E+00  0.5682E-02  0.8961E+05  0.8961E+05  0.8961E+05 -0.1588E-02  0.1074E-01  0.7100E-10  0.9253E+00  0.1129E-08  0.9933E-02 -0.1904E-01 -0.7662E-02 -0.3198E-01  0.1674E-02  0.5169E-01  0.2667E+00
   104  0.7828E+02  0.1072E-02  0.1272E-02  0.1988E-02  0.3456E-08 -0.1897E+00  0.2459E+00  0.2938E+00 -0.3784E-01  0.4437E+00  0.5361E-03  0.8952E+05  0.8952E+05  0.8952E+05 -0.1572E-02  0.1073E-01  0.7080E-10  0.9457E+00  0.9116E-09  0.9914E-02 -0.1873E-01 -0.7904E-02 -0.2477E-01  0.3141E-03  0.4722E-01  0.2616E+00
   105  0.7904E+02  0.1112E-02  0.1276E-02  0.1985E-02  0.3454E-08 -0.1896E+00  0.2457E+00  0.2928E+00 -0.2249E-01  0.4459E+00  0.8592E-03  0.8946E+05  0.8946E+05  0.8946E+05 -0.1716E-02  0.1068E-01  0.7091E-10  0.9291E+00  0.7223E-09  0.9876E-02 -0.1910E-01 -0.7815E-02 -0.3499E-01  0.7175E-03  0.5241E-01  0.2719E+00
   106  0.7980E+02  0.1080E-02  0.1274E-02  0.1969E-02  0.3434E-08 -0.1876E+00  0.2456E+00  0.2961E+00 -0.1492E-01  0.4468E+00  0.3474E-02  0.8938E+05  0.8938E+05  0.8938E+05 -0.1498E-02  0.1063E-01  0.7070E-10  0.9284E+00  0.5735E-09  0.9822E-02 -0.1874E-01 -0.7700E-02 -0.2787E-01  0.1465E-02  0.4996E-01  0.2643E+00
   107  0.8056E+02  0.1093E-02  0.1273E-02  0.1965E-02  0.3402E-08 -0.1884E+00  0.2454E+00  0.2980E+00 -0.2549E-01  0.4460E+00  0.1548E-01  0.8934E+05  0.8934E+05  0.8934E+05 -0.1658E-02  0.1060E-01  0.7056E-10  0.9120E+00  0.3312E-09  0.9818E-02 -0.1888E-01 -0.7978E-02 -0.2987E-01 -0.1346E-02  0.5277E-01  0.2716E+00
   108  0.8132E+02  0.1101E-02  0.1274E-02  0.1965E-02  0.3377E-08 -0.1856E+00  0.2453E+00  0.2936E+00 -0.3437E-01  0.4402E+00  0.8925E-02  0.8922E+05  0.8922E+05  0.8922E+05 -0.1603E-02  0.1056E-01  0.7012E-10  0.8374E+00  0.2787E-09  0.9879E-02 -0.1894E-01 -0.7636E-02 -0.2903E-01  0.4438E-02  0.4784E-01  0.2712E+00
   109  0.8208E+02  0.1078E-02  0.1271E-02  0.1936E-02  0.3323E-08 -0.1847E+00  0.2452E+00  0.2927E+00 -0.2755E-01  0.4430E+00  0.1423E-01  0.8913E+05  0.8913E+05  0.8913E+05 -0.1470E-02  0.1049E-01  0.6982E-10  0.8660E+00  0.2291E-09  0.9774E-02 -0.1869E-01 -0.7873E-02 -0.3193E-01 -0.1974E-02  0.5254E-01  0.2711E+00
   110  0.8284E+02  0.1105E-02  0.1269E-02  0.1925E-02  0.3283E-08 -0.1844E+00  0.2452E+00  0.2934E+00 -0.2169E-01  0.4411E+00  0.1017E-01  0.8907E+05  0.8907E+05  0.8907E+05 -0.1692E-02  0.1044E-01  0.6948E-10  0.8457E+00  0.2536E-09  0.9765E-02 -0.1901E-01 -0.7882E-02 -0.2817E-01  0.1900E-02  0.4848E-01  0.2814E+00
   111  0.8360E+02  0.1085E-02  0.1268E-02  0.1919E-02  0.3251E-08 -0.1842E+00  0.2453E+00  0.2956E+00 -0.1952E-01  0.4405E+00  0.5415E-02  0.8899E+05  0.8899E+05  0.8899E+05 -0.1453E-02  0.1039E-01  0.6932E-10  0.8115E+00  0.3062E-09  0.9757E-02 -0.1870E-01 -0.7576E-02 -0.3051E-01  0.1380E-02  0.4738E-01  0.2734E+00
   112  0.8436E+02  0.1093E-02  0.1267E-02  0.1901E-02  0.3219E-08 -0.1824E+00  0.2454E+00  0.2970E+00 -0.2039E-01  0.4425E+00  0.1051E-02  0.8891E+05  0.8891E+05  0.8891E+05 -0.1548E-02  0.1032E-01  0.6914E-10  0.8077E+00  0.3293E-09  0.9693E-02 -0.1896E-01 -0.8076E-02 -0.2934E-01  0.9699E-03  0.4762E-01  0.2893E+00
   113  0.8512E+02  0.1098E-02  0.1266E-02  0.1894E-02  0.3194E-08 -0.1834E+00  0.2455E+00  0.2979E+00 -0.3120E-01  0.4448E+00 -0.2569E-02  0.8880E+05  0.8880E+05  0.8880E+05 -0.1612E-02  0.1025E-01  0.6917E-10  0.7889E+00  0.4254E-09  0.9654E-02 -0.1890E-01 -0.7645E-02 -0.3281E-01 -0.2524E-02  0.5207E-01  0.2872E+00
   114  0.8588E+02  0.1084E-02  0.1263E-02  0.1882E-02  0.3160E-08 -0.1819E+00  0.2457E+00  0.2946E+00 -0.3280E-01  0.4479E+00 -0.1309E-02  0.8875E+05  0.8875E+05  0.8875E+05 -0.1433E-02  0.1019E-01  0.6917E-10  0.7846E+00  0.6051E-09  0.9595E-02 -0.1884E-01 -0.7833E-02 -0.2677E-01  0.4932E-02  0.4519E-01  0.2914E+00
   115  0.8664E+02  0.1099E-02  0.1267E-02  0.1884E-02  0.3165E-08 -0.1795E+00  0.2459E+00  0.2935E+00 -0.2331E-01  0.4506E+00 -0.8550E-03  0.8867E+05  0.8867E+05  0.8867E+05 -0.1592E-02  0.1014E-01  0.6943E-10  0.7461E+00  0.8085E-09  0.9578E-02 -0.1907E-01 -0.7918E-02 -0.3316E-01 -0.1530E-02  0.5027E-01  0.3018E+00
   116  0.8740E+02  0.1089E-02  0.1264E-02  0.1864E-02  0.3139E-08 -0.1772E+00  0.2462E+00  0.2971E+00 -0.1653E-01  0.4513E+00  0.8525E-02  0.8859E+05  0.8859E+05  0.8859E+05 -0.1443E-02  0.1010E-01  0.6911E-10  0.7700E+00  0.9777E-09  0.9526E-02 -0.1889E-01 -0.7638E-02 -0.2841E-01  0.2001E-02  0.4868E-01  0.2965E+00
   117  0.8816E+02  0.1092E-02  0.1266E-02  0.1864E-02  0.3139E-08 -0.1748E+00  0.2464E+00  0.2986E+00 -0.2678E-01  0.4502E+00  0.1121E-01  0.8849E+05  0.8849E+05  0.8849E+05 -0.1436E-02  0.1011E-01  0.6903E-10  0.7532E+00  0.1121E-08  0.9543E-02 -0.1907E-01 -0.7977E-02 -0.3072E-01 -0.3133E-03  0.5045E-01  0.3051E+00
   118  0.8892E+02  0.1095E-02  0.1263E-02  0.1858E-02  0.3121E-08 -0.1763E+00  0.2466E+00  0.2965E+00 -0.3194E-01  0.4495E+00  0.1571E-01  0.8836E+05  0.8836E+05  0.8836E+05 -0.1540E-02  0.1012E-01  0.6885E-10  0.7665E+00  0.1208E-08  0.9541E-02 -0.1908E-01 -0.7741E-02 -0.3055E-01  0.1767E-02  0.4774E-01  0.3026E+00
   119  0.8968E+02  0.1090E-02  0.1261E-02  0.1848E-02  0.3115E-08 -0.1757E+00  0.2468E+00  0.2953E+00 -0.2449E-01  0.4474E+00  0.1092E-01  0.8830E+05  0.8830E+05  0.8830E+05 -0.1390E-02  0.1017E-01  0.6857E-10  0.8087E+00  0.1461E-08  0.9541E-02 -0.1899E-01 -0.7758E-02 -0.2799E-01  0.6904E-03  0.4755E-01  0.2975E+00
   120  0.9044E+02  0.1093E-02  0.1257E-02  0.1837E-02  0.3089E-08 -0.1785E+00  0.2469E+00  0.2981E+00 -0.1748E-01  0.4475E+00  0.1094E-01  0.8824E+05  0.8824E+05  0.8824E+05 -0.1549E-02  0.1019E-01  0.6835E-10  0.8437E+00  0.1496E-08  0.9514E-02 -0.1922E-01 -0.7981E-02 -0.3409E-01 -0.1498E-02  0.5441E-01  0.3057E+00
   121  0.9120E+02  0.1094E-02  0.1257E-02  0.1837E-02  0.3095E-08 -0.1740E+00  0.2470E+00  0.2979E+00 -0.2750E-01  0.4437E+00  0.9602E-02  0.8819E+05  0.8819E+05  0.8819E+05 -0.1457E-02  0.1024E-01  0.6807E-10  0.8413E+00  0.1505E-08  0.9557E-02 -0.1899E-01 -0.7635E-02 -0.2577E-01  0.5810E-02  0.4744E-01  0.2931E+00
   122  0.9196E+02  0.1091E-02  0.1259E-02  0.1827E-02  0.3105E-08 -0.1719E+00  0.2470E+00  0.2960E+00 -0.2273E-01  0.4454E+00  0.3399E-02  0.8813E+05  0.8813E+05  0.8813E+05 -0.1387E-02  0.1027E-01  0.6798E-10  0.8840E+00  0.1457E-08  0.9512E-02 -0.1915E-01 -0.7942E-02 -0.3200E-01 -0.2290E-02  0.5307E-01  0.2990E+00
   123  0.9272E+02  0.1092E-02  0.1256E-02  0.1815E-02  0.3087E-08 -0.1709E+00  0.2470E+00  0.2980E+00 -0.1966E-01  0.4465E+00  0.6272E-02  0.8803E+05  0.8803E+05  0.8803E+05 -0.1496E-02  0.1027E-01  0.6780E-10  0.9091E+00  0.1324E-08  0.9472E-02 -0.1915E-01 -0.7812E-02 -0.3092E-01  0.1222E-02  0.5208E-01  0.2978E+00
   124  0.9348E+02  0.1095E-02  0.1254E-02  0.1815E-02  0.3081E-08 -0.1674E+00  0.2469E+00  0.2992E+00 -0.2853E-01  0.4469E+00  0.5054E-02  0.8796E+05  0.8796E+05  0.8796E+05 -0.1319E-02  0.1029E-01  0.6780E-10  0.9331E+00  0.1233E-08  0.9466E-02 -0.1896E-01 -0.7664E-02 -0.2434E-01  0.5629E-02  0.4913E-01  0.2895E+00
   125  0.9424E+02  0.1087E-02  0.1254E-02  0.1809E-02  0.3073E-08 -0.1683E+00  0.2468E+00  0.2958E+00 -0.2903E-01  0.4453E+00  0.7918E-02  0.8791E+05  0.8791E+05  0.8791E+05 -0.1431E-02  0.1030E-01  0.6751E-10  0.9404E+00  0.1021E-08  0.9463E-02 -0.1919E-01 -0.8032E-02 -0.3232E-01 -0.3350E-02  0.5378E-01  0.2990E+00
   126  0.9500E+02  0.1098E-02  0.1254E-02  0.1802E-02  0.3062E-08 -0.1674E+00  0.2467E+00  0.2957E+00 -0.2007E-01  0.4442E+00  0.8161E-02  0.8786E+05  0.8786E+05  0.8786E+05 -0.1435E-02  0.1029E-01  0.6730E-10  0.9388E+00  0.9318E-09  0.9452E-02 -0.1900E-01 -0.7631E-02 -0.2949E-01  0.4355E-02  0.5068E-01  0.2901E+00
   127  0.9576E+02  0.1090E-02  0.1257E-02  0.1804E-02  0.3069E-08 -0.1668E+00  0.2466E+00  0.2968E+00 -0.1773E-01  0.4441E+00  0.4886E-02  0.8784E+05  0.8784E+05  0.8784E+05 -0.1317E-02  0.1028E-01  0.6730E-10  0.9292E+00  0.7222E-09  0.9455E-02 -0.1902E-01 -0.7869E-02 -0.2557E-01  0.1149E-02  0.5011E-01  0.2932E+00
   128  0.9652E+02  0.1090E-02  0.1255E-02  0.1792E-02  0.3034E-08 -0.1680E+00  0.2464E+00  0.2973E+00 -0.2585E-01  0.4422E+00  0.3621E-02  0.8775E+05  0.8775E+05  0.8775E+05 -0.1481E-02  0.1023E-01  0.6695E-10  0.9076E+00  0.5533E-09  0.9442E-02 -0.1909E-01 -0.7899E-02 -0.3147E-01 -0.2427E-02  0.5330E-01  0.2983E+00
   129  0.9728E+02  0.1100E-02  0.1256E-02  0.1786E-02  0.3010E-08 -0.1650E+00  0.2464E+00  0.2967E+00 -0.2750E-01  0.4420E+00  0.6963E-02  0.8768E+05  0.8768E+05  0.8768E+05 -0.1340E-02  0.1018E-01  0.6680E-10  0.8900E+00  0.4003E-09  0.9426E-02 -0.1891E-01 -0.7603E-02 -0.3057E-01  0.6687E-02  0.5003E-01  0.2924E+00
   130  0.9804E+02  0.1082E-02  0.1255E-02  0.1780E-02  0.2988E-08 -0.1647E+00  0.2463E+00  0.2947E+00 -0.2233E-01  0.4415E+00  0.5125E-02  0.8762E+05  0.8762E+05  0.8762E+05 -0.1322E-02  0.1013E-01  0.6666E-10  0.8543E+00  0.3461E-09  0.9412E-02 -0.1909E-01 -0.8013E-02 -0.2628E-01 -0.2732E-02  0.4790E-01  0.3046E+00
   131  0.9880E+02  0.1101E-02  0.1257E-02  0.1781E-02  0.2964E-08 -0.1636E+00  0.2462E+00  0.2961E+00 -0.2576E-01  0.4372E+00  0.2199E-02  0.8753E+05  0.8753E+05  0.8753E+05 -0.1471E-02  0.1006E-01  0.6637E-10  0.7130E+00  0.2895E-09  0.9460E-02 -0.1891E-01 -0.7736E-02 -0.3235E-01  0.1977E-02  0.5268E-01  0.3011E+00
   132  0.9956E+02  0.1089E-02  0.1250E-02  0.1751E-02  0.2913E-08 -0.1613E+00  0.2462E+00  0.2964E+00 -0.2464E-01  0.4450E+00  0.1104E-02  0.8740E+05  0.8740E+05  0.8740E+05 -0.1238E-02  0.9998E-02  0.6638E-10  0.8538E+00  0.2866E-09  0.9297E-02 -0.1908E-01 -0.7722E-02 -0.2746E-01  0.5466E-02  0.4915E-01  0.3089E+00
   133  0.1003E+03  0.1087E-02  0.1249E-02  0.1746E-02  0.2885E-08 -0.1592E+00  0.2462E+00  0.2948E+00 -0.2969E-01  0.4451E+00 -0.3005E-02  0.8733E+05  0.8733E+05  0.8733E+05 -0.1344E-02  0.9925E-02  0.6629E-10  0.8143E+00  0.3404E-09  0.9283E-02 -0.1898E-01 -0.8014E-02 -0.3228E-01 -0.3496E-02  0.5464E-01  0.3143E+00
   134  0.1011E+03  0.1105E-02  0.1247E-02  0.1740E-02  0.2863E-08 -0.1575E+00  0.2463E+00  0.2949E+00 -0.2158E-01  0.4467E+00  0.8036E-02  0.8725E+05  0.8725E+05  0.8725E+05 -0.1346E-02  0.9867E-02  0.6629E-10  0.7977E+00  0.3333E-09  0.9255E-02 -0.1897E-01 -0.7618E-02 -0.2632E-01  0.4640E-02  0.4636E-01  0.3129E+00
   135  0.1018E+03  0.1077E-02  0.1245E-02  0.1730E-02  0.2827E-08 -0.1542E+00  0.2464E+00  0.2956E+00 -0.2113E-01  0.4463E+00  0.7152E-02  0.8721E+05  0.8721E+05  0.8721E+05 -0.1163E-02  0.9838E-02  0.6606E-10  0.7939E+00  0.3950E-09  0.9235E-02 -0.1913E-01 -0.7914E-02 -0.3061E-01  0.1968E-02  0.4999E-01  0.3232E+00
   136  0.1026E+03  0.1104E-02  0.1247E-02  0.1719E-02  0.2816E-08 -0.1541E+00  0.2466E+00  0.2969E+00 -0.2292E-01  0.4460E+00  0.1066E-01  0.8713E+05  0.8713E+05  0.8713E+05 -0.1347E-02  0.9794E-02  0.6584E-10  0.7727E+00  0.6410E-09  0.9212E-02 -0.1896E-01 -0.7827E-02 -0.3331E-01 -0.2049E-02  0.5446E-01  0.3205E+00
   137  0.1034E+03  0.1089E-02  0.1245E-02  0.1712E-02  0.2799E-08 -0.1539E+00  0.2468E+00  0.2946E+00 -0.2133E-01  0.4446E+00  0.6917E-02  0.8705E+05  0.8705E+05  0.8705E+05 -0.1219E-02  0.9798E-02  0.6558E-10  0.7738E+00  0.7073E-09  0.9212E-02 -0.1918E-01 -0.7706E-02 -0.2262E-01  0.5283E-02  0.4276E-01  0.3250E+00
   138  0.1041E+03  0.1085E-02  0.1247E-02  0.1707E-02  0.2796E-08 -0.1542E+00  0.2469E+00  0.2966E+00 -0.1319E-01  0.4452E+00  0.9938E-02  0.8698E+05  0.8698E+05  0.8698E+05 -0.1248E-02  0.9789E-02  0.6553E-10  0.7733E+00  0.8238E-09  0.9196E-02 -0.1903E-01 -0.7953E-02 -0.3764E-01  0.8963E-03  0.5300E-01  0.3250E+00
   139  0.1049E+03  0.1109E-02  0.1247E-02  0.1690E-02  0.2795E-08 -0.1535E+00  0.2471E+00  0.2993E+00 -0.2086E-01  0.4444E+00  0.1116E-01  0.8691E+05  0.8691E+05  0.8691E+05 -0.1324E-02  0.9789E-02  0.6514E-10  0.8037E+00  0.9506E-09  0.9163E-02 -0.1918E-01 -0.7738E-02 -0.2396E-01  0.3048E-03  0.4674E-01  0.3272E+00
   140  0.1056E+03  0.1074E-02  0.1249E-02  0.1696E-02  0.2794E-08 -0.1524E+00  0.2473E+00  0.2986E+00 -0.3473E-01  0.4456E+00  0.5661E-02  0.8685E+05  0.8685E+05  0.8685E+05 -0.1165E-02  0.9811E-02  0.6532E-10  0.8098E+00  0.9687E-09  0.9172E-02 -0.1913E-01 -0.7817E-02 -0.3406E-01  0.2337E-02  0.5139E-01  0.3259E+00
   141  0.1064E+03  0.1106E-02  0.1246E-02  0.1686E-02  0.2787E-08 -0.1532E+00  0.2474E+00  0.2945E+00 -0.3177E-01  0.4421E+00  0.1983E-01  0.8676E+05  0.8676E+05  0.8676E+05 -0.1325E-02  0.9826E-02  0.6486E-10  0.8176E+00  0.1001E-08  0.9185E-02 -0.1917E-01 -0.7896E-02 -0.2471E-01  0.1688E-02  0.4529E-01  0.3269E+00
