 #NTuple/Z0                                                                     
  
 output from Ecalc9f version   2.09
  settings: 
    particle type:            2
    pzmin/pzmax:   0.000000000000000E+000 /   100.000000000000     
    transverse cuts:   0.000000000000000E+000  0.000000000000000E+000
    longitudinal cut:   0.000000000000000E+000
    RF frequency (MHz):    352.000000000000     
    sigma cut:   0.000000000000000E+000
    subtract out amplitude correlation
    wrnew9 =  T
 
regn #   Z           Bz          eperp       elong       e6D         Ldim        Pzavg       beta        alpha       betaL       alphaL      n0          n1          n2          Lcan(eVs)   sigmaE      sigmaT      corrE       corrT       sigmaE_c    xavg        yavg        Dx          Dy          Dr          Dr2
     1  0.0000E+00  0.1785E-03  0.1686E-01  0.4497E-01  0.1311E-04 -0.6810E+00  0.2879E+00  0.9724E+00 -0.7747E-02  0.4124E+00  0.1806E+00  0.1973E+06  0.1973E+06  0.1973E+06 -0.8040E-01  0.5629E-01  0.2943E-09  0.2874E+00  0.6192E-09  0.5494E-01 -0.4308E-01 -0.1747E-01  0.8693E-02 -0.1906E-02  0.2084E-01  0.7025E-01
     2  0.1900E+01  0.1553E-03  0.1650E-01  0.4707E-01  0.1353E-04 -0.6608E+00  0.2978E+00  0.1302E+01 -0.9028E-01  0.4155E+00  0.7598E-01  0.1939E+06  0.1939E+06  0.1939E+06 -0.7780E-01  0.6076E-01  0.2983E-09  0.5592E+00  0.1128E-08  0.5643E-01 -0.3505E-01 -0.1088E-01 -0.3655E-01  0.2560E-02  0.1117E+00  0.6726E-01
     3  0.3800E+01  0.1647E-03  0.1601E-01  0.4759E-01  0.1312E-04 -0.6338E+00  0.2966E+00  0.1014E+01 -0.9056E-01  0.4335E+00 -0.8297E-01  0.1933E+06  0.1933E+06  0.1933E+06 -0.7042E-01  0.6114E-01  0.3055E-09  0.6559E+00  0.8771E-09  0.5544E-01 -0.4397E-01 -0.1180E-01 -0.7410E-01 -0.1365E-01  0.9208E-01  0.8016E-01
     4  0.5700E+01  0.1777E-03  0.1555E-01  0.4659E-01  0.1228E-04 -0.6090E+00  0.2941E+00  0.1123E+01  0.1540E-01  0.4835E+00 -0.1896E+00  0.1907E+06  0.1907E+06  0.1907E+06 -0.6505E-01  0.5847E-01  0.3190E-09  0.6753E+00  0.2601E-09  0.5241E-01 -0.4949E-01 -0.1938E-01 -0.8097E-01 -0.2113E-01  0.1144E+00  0.1118E+00
     5  0.7600E+01  0.1560E-03  0.1497E-01  0.4385E-01  0.1087E-04 -0.6036E+00  0.2887E+00  0.1086E+01 -0.1019E+00  0.5589E+00 -0.1722E+00  0.1889E+06  0.1889E+06  0.1889E+06 -0.6480E-01  0.5228E-01  0.3364E-09  0.6379E+00 -0.1849E-10  0.4662E-01 -0.3752E-01 -0.1400E-01 -0.6513E-01 -0.1707E-01  0.1118E+00  0.8517E-01
     6  0.9500E+01  0.1654E-03  0.1451E-01  0.3990E-01  0.9262E-05 -0.5954E+00  0.2831E+00  0.1036E+01 -0.1146E-01  0.6194E+00 -0.8275E-01  0.1853E+06  0.1853E+06  0.1853E+06 -0.6058E-01  0.4557E-01  0.3420E-09  0.5339E+00 -0.8418E-10  0.4126E-01 -0.3822E-01 -0.9446E-02 -0.9832E-02  0.2404E-02  0.1017E+00  0.9387E-01
     7  0.1140E+02  0.1767E-03  0.1428E-01  0.3729E-01  0.8218E-05 -0.5835E+00  0.2791E+00  0.1039E+01 -0.7766E-01  0.6352E+00 -0.9964E-02  0.1820E+06  0.1820E+06  0.1820E+06 -0.5725E-01  0.4272E-01  0.3378E-09  0.4940E+00 -0.2113E-09  0.3891E-01 -0.4283E-01 -0.1648E-01 -0.5442E-01 -0.3904E-02  0.1286E+00  0.1353E+00
     8  0.1330E+02  0.1566E-03  0.1400E-01  0.3671E-01  0.7741E-05 -0.5684E+00  0.2755E+00  0.1003E+01 -0.3338E-01  0.6123E+00  0.5480E-01  0.1811E+06  0.1811E+06  0.1811E+06 -0.5698E-01  0.4282E-01  0.3325E-09  0.4946E+00 -0.6587E-09  0.3907E-01 -0.3896E-01 -0.1540E-01 -0.8834E-01 -0.2022E-01  0.1317E+00  0.1165E+00
     9  0.1520E+02  0.1663E-03  0.1364E-01  0.3788E-01  0.7512E-05 -0.5575E+00  0.2736E+00  0.1019E+01 -0.5738E-01  0.5834E+00  0.1400E-01  0.1812E+06  0.1812E+06  0.1812E+06 -0.5357E-01  0.4363E-01  0.3310E-09  0.4710E+00 -0.6097E-09  0.4042E-01 -0.3916E-01 -0.1045E-01 -0.5766E-01  0.8756E-03  0.1121E+00  0.1024E+00
    10  0.1710E+02  0.1755E-03  0.1321E-01  0.3828E-01  0.7033E-05 -0.5481E+00  0.2723E+00  0.9613E+00 -0.5846E-01  0.5803E+00 -0.5561E-01  0.1802E+06  0.1802E+06  0.1802E+06 -0.4940E-01  0.4325E-01  0.3332E-09  0.4313E+00 -0.7662E-09  0.4067E-01 -0.3908E-01 -0.1478E-01 -0.4540E-01 -0.3683E-02  0.9477E-01  0.1029E+00
    11  0.1900E+02  0.1570E-03  0.1301E-01  0.3935E-01  0.6948E-05 -0.5366E+00  0.2711E+00  0.1001E+01 -0.1878E-01  0.6018E+00 -0.1082E+00  0.1804E+06  0.1804E+06  0.1804E+06 -0.4987E-01  0.4255E-01  0.3449E-09  0.3772E+00 -0.7498E-09  0.4056E-01 -0.3737E-01 -0.1629E-01 -0.4302E-01 -0.1287E-01  0.8779E-01  0.9969E-01
    12  0.2090E+02  0.1674E-03  0.1279E-01  0.3893E-01  0.6619E-05 -0.5269E+00  0.2705E+00  0.9810E+00 -0.1010E+00  0.6525E+00 -0.8835E-01  0.1800E+06  0.1800E+06  0.1800E+06 -0.4824E-01  0.4074E-01  0.3568E-09  0.3868E+00 -0.2350E-09  0.3862E-01 -0.4003E-01 -0.1064E-01 -0.5766E-01 -0.1041E-02  0.9755E-01  0.1109E+00
    13  0.2280E+02  0.1742E-03  0.1244E-01  0.3769E-01  0.6105E-05 -0.5163E+00  0.2687E+00  0.9480E+00 -0.1756E-02  0.6854E+00 -0.3814E-01  0.1786E+06  0.1786E+06  0.1786E+06 -0.4342E-01  0.3905E-01  0.3613E-09  0.3911E+00 -0.2253E-09  0.3680E-01 -0.4067E-01 -0.1353E-01 -0.5741E-01  0.4602E-02  0.9522E-01  0.1245E+00
    14  0.2470E+02  0.1575E-03  0.1216E-01  0.3715E-01  0.5774E-05 -0.5038E+00  0.2678E+00  0.1009E+01 -0.6919E-01  0.6865E+00 -0.3333E-01  0.1777E+06  0.1777E+06  0.1777E+06 -0.4323E-01  0.3858E-01  0.3597E-09  0.3878E+00  0.8392E-10  0.3642E-01 -0.3716E-01 -0.1705E-01 -0.4714E-01 -0.8041E-02  0.1013E+00  0.1177E+00
    15  0.2660E+02  0.1686E-03  0.1188E-01  0.3680E-01  0.5354E-05 -0.4941E+00  0.2677E+00  0.9285E+00 -0.5518E-01  0.6856E+00 -0.3551E-01  0.1764E+06  0.1764E+06  0.1764E+06 -0.4222E-01  0.3801E-01  0.3579E-09  0.3525E+00  0.2064E-09  0.3626E-01 -0.3816E-01 -0.1123E-01 -0.7390E-01 -0.1274E-01  0.8445E-01  0.1115E+00
    16  0.2850E+02  0.1728E-03  0.1166E-01  0.3621E-01  0.5045E-05 -0.4814E+00  0.2671E+00  0.9948E+00 -0.1479E-01  0.6758E+00 -0.3345E-01  0.1752E+06  0.1752E+06  0.1752E+06 -0.3797E-01  0.3744E-01  0.3531E-09  0.2989E+00  0.3670E-09  0.3619E-01 -0.4212E-01 -0.1349E-01 -0.6259E-01 -0.2643E-02  0.8921E-01  0.1372E+00
    17  0.3040E+02  0.1581E-03  0.1132E-01  0.3622E-01  0.4759E-05 -0.4722E+00  0.2665E+00  0.9408E+00 -0.8954E-01  0.6640E+00 -0.1878E-01  0.1746E+06  0.1746E+06  0.1746E+06 -0.3739E-01  0.3764E-01  0.3507E-09  0.3012E+00  0.4822E-09  0.3644E-01 -0.3722E-01 -0.1617E-01 -0.4725E-01 -0.2786E-02  0.7006E-01  0.1120E+00
    18  0.3230E+02  0.1698E-03  0.1114E-01  0.3588E-01  0.4566E-05 -0.4611E+00  0.2660E+00  0.9508E+00  0.3026E-02  0.6526E+00 -0.1963E-02  0.1738E+06  0.1738E+06  0.1738E+06 -0.3694E-01  0.3772E-01  0.3476E-09  0.3003E+00  0.1031E-08  0.3653E-01 -0.3695E-01 -0.1188E-01 -0.5645E-01 -0.1033E-01  0.7920E-01  0.1054E+00
    19  0.3420E+02  0.1712E-03  0.1089E-01  0.3501E-01  0.4256E-05 -0.4483E+00  0.2653E+00  0.9612E+00 -0.7102E-01  0.6466E+00  0.2899E-02  0.1727E+06  0.1727E+06  0.1727E+06 -0.3339E-01  0.3745E-01  0.3428E-09  0.3139E+00  0.1182E-08  0.3619E-01 -0.4214E-01 -0.1336E-01 -0.7074E-01  0.4908E-03  0.8873E-01  0.1345E+00
    20  0.3610E+02  0.1589E-03  0.1067E-01  0.3405E-01  0.4008E-05 -0.4347E+00  0.2638E+00  0.9141E+00 -0.2427E-01  0.6405E+00  0.5730E-02  0.1719E+06  0.1719E+06  0.1719E+06 -0.3215E-01  0.3730E-01  0.3373E-09  0.3524E+00  0.1048E-08  0.3573E-01 -0.3716E-01 -0.1574E-01 -0.6437E-01 -0.3969E-02  0.8311E-01  0.1137E+00
    21  0.3800E+02  0.1707E-03  0.1044E-01  0.3321E-01  0.3781E-05 -0.4236E+00  0.2626E+00  0.9450E+00 -0.4157E-01  0.6415E+00 -0.2064E-01  0.1706E+06  0.1706E+06  0.1706E+06 -0.3181E-01  0.3672E-01  0.3344E-09  0.3532E+00  0.1062E-08  0.3517E-01 -0.3589E-01 -0.1217E-01 -0.4013E-01 -0.7996E-02  0.8973E-01  0.1054E+00
    22  0.3990E+02  0.1696E-03  0.1022E-01  0.3283E-01  0.3567E-05 -0.4122E+00  0.2612E+00  0.9002E+00 -0.5064E-01  0.6538E+00 -0.2814E-01  0.1696E+06  0.1696E+06  0.1696E+06 -0.2880E-01  0.3623E-01  0.3363E-09  0.3739E+00  0.9031E-09  0.3452E-01 -0.4020E-01 -0.1326E-01 -0.5448E-01  0.1074E-02  0.8336E-01  0.1272E+00
    23  0.4180E+02  0.1599E-03  0.1006E-01  0.3266E-01  0.3432E-05 -0.3978E+00  0.2600E+00  0.9226E+00 -0.3115E-01  0.6680E+00 -0.9077E-02  0.1689E+06  0.1689E+06  0.1689E+06 -0.2792E-01  0.3581E-01  0.3396E-09  0.3882E+00  0.6568E-09  0.3395E-01 -0.3712E-01 -0.1565E-01 -0.7649E-01 -0.3499E-02  0.1078E+00  0.1235E+00
    24  0.4370E+02  0.1715E-03  0.9828E-02  0.3226E-01  0.3243E-05 -0.3866E+00  0.2588E+00  0.8958E+00 -0.5478E-01  0.6650E+00  0.1030E-01  0.1680E+06  0.1680E+06  0.1680E+06 -0.2737E-01  0.3548E-01  0.3375E-09  0.3828E+00  0.4312E-09  0.3372E-01 -0.3692E-01 -0.1229E-01 -0.5774E-01 -0.7138E-02  0.8929E-01  0.1139E+00
    25  0.4560E+02  0.1681E-03  0.9595E-02  0.3182E-01  0.3036E-05 -0.3742E+00  0.2572E+00  0.8874E+00 -0.1969E-01  0.6624E+00  0.2501E-02  0.1672E+06  0.1672E+06  0.1672E+06 -0.2423E-01  0.3504E-01  0.3355E-09  0.3699E+00  0.7459E-11  0.3342E-01 -0.3843E-01 -0.1342E-01 -0.5149E-01  0.6499E-03  0.8942E-01  0.1243E+00
    26  0.4750E+02  0.1611E-03  0.9397E-02  0.3102E-01  0.2830E-05 -0.3643E+00  0.2559E+00  0.8898E+00 -0.5375E-01  0.6580E+00 -0.2653E-01  0.1663E+06  0.1663E+06  0.1663E+06 -0.2418E-01  0.3441E-01  0.3314E-09  0.3466E+00 -0.2983E-09  0.3302E-01 -0.3550E-01 -0.1571E-01 -0.4815E-01  0.2944E-02  0.8384E-01  0.1161E+00
    27  0.4940E+02  0.1719E-03  0.9220E-02  0.3018E-01  0.2631E-05 -0.3563E+00  0.2550E+00  0.8623E+00 -0.4720E-01  0.6741E+00 -0.7386E-01  0.1654E+06  0.1654E+06  0.1654E+06 -0.2363E-01  0.3335E-01  0.3318E-09  0.3175E+00 -0.5071E-09  0.3217E-01 -0.3652E-01 -0.1199E-01 -0.6137E-01 -0.1147E-01  0.8368E-01  0.1196E+00
    28  0.5130E+02  0.1666E-03  0.9040E-02  0.2908E-01  0.2425E-05 -0.3456E+00  0.2544E+00  0.8758E+00 -0.1603E-01  0.7080E+00 -0.9225E-01  0.1639E+06  0.1639E+06  0.1639E+06 -0.2103E-01  0.3176E-01  0.3342E-09  0.2823E+00 -0.4066E-09  0.3081E-01 -0.3942E-01 -0.1385E-01 -0.5948E-01  0.2130E-02  0.8058E-01  0.1499E+00
    29  0.5320E+02  0.1626E-03  0.8825E-02  0.2897E-01  0.2300E-05 -0.3375E+00  0.2539E+00  0.8828E+00 -0.5959E-01  0.7278E+00 -0.4229E-01  0.1633E+06  0.1633E+06  0.1633E+06 -0.2084E-01  0.3105E-01  0.3385E-09  0.2691E+00 -0.2290E-09  0.3020E-01 -0.3488E-01 -0.1525E-01 -0.5221E-01 -0.2617E-02  0.7658E-01  0.1307E+00
    30  0.5510E+02  0.1720E-03  0.8652E-02  0.2830E-01  0.2148E-05 -0.3255E+00  0.2538E+00  0.8530E+00 -0.3503E-01  0.7375E+00 -0.7985E-02  0.1622E+06  0.1622E+06  0.1622E+06 -0.2033E-01  0.3028E-01  0.3367E-09  0.2356E+00  0.9991E-11  0.2962E-01 -0.3626E-01 -0.1256E-01 -0.5879E-01 -0.1025E-01  0.7151E-01  0.1372E+00
    31  0.5700E+02  0.1654E-03  0.8503E-02  0.2747E-01  0.2003E-05 -0.3196E+00  0.2537E+00  0.8764E+00 -0.2845E-01  0.7363E+00  0.1738E-01  0.1610E+06  0.1610E+06  0.1610E+06 -0.1835E-01  0.2977E-01  0.3318E-09  0.2210E+00  0.3352E-09  0.2920E-01 -0.4001E-01 -0.1417E-01 -0.6732E-01  0.1928E-03  0.7663E-01  0.1709E+00
    32  0.5890E+02  0.1641E-03  0.8314E-02  0.2702E-01  0.1884E-05 -0.3076E+00  0.2533E+00  0.8608E+00 -0.5234E-01  0.7107E+00  0.1690E-01  0.1602E+06  0.1602E+06  0.1602E+06 -0.1793E-01  0.3001E-01  0.3237E-09  0.2237E+00  0.4942E-09  0.2944E-01 -0.3474E-01 -0.1461E-01 -0.5808E-01  0.3996E-02  0.6748E-01  0.1334E+00
    33  0.6080E+02  0.1718E-03  0.8129E-02  0.2645E-01  0.1778E-05 -0.3008E+00  0.2531E+00  0.8553E+00 -0.3025E-01  0.6924E+00 -0.2578E-01  0.1593E+06  0.1593E+06  0.1593E+06 -0.1742E-01  0.3010E-01  0.3167E-09  0.2333E+00  0.7706E-09  0.2950E-01 -0.3603E-01 -0.1280E-01 -0.3731E-01 -0.6503E-02  0.6121E-01  0.1348E+00
    34  0.6270E+02  0.1643E-03  0.7987E-02  0.2585E-01  0.1666E-05 -0.2906E+00  0.2525E+00  0.8605E+00 -0.4509E-01  0.7019E+00 -0.5946E-01  0.1582E+06  0.1582E+06  0.1582E+06 -0.1587E-01  0.2957E-01  0.3159E-09  0.2362E+00  0.9141E-09  0.2897E-01 -0.3875E-01 -0.1426E-01 -0.7303E-01 -0.4429E-02  0.7832E-01  0.1628E+00
    35  0.6460E+02  0.1657E-03  0.7817E-02  0.2528E-01  0.1576E-05 -0.2826E+00  0.2518E+00  0.8512E+00 -0.2890E-01  0.7138E+00 -0.5231E-01  0.1572E+06  0.1572E+06  0.1572E+06 -0.1560E-01  0.2912E-01  0.3159E-09  0.2687E+00  0.1065E-08  0.2835E-01 -0.3558E-01 -0.1445E-01 -0.6872E-01 -0.4321E-03  0.7955E-01  0.1463E+00
    36  0.6650E+02  0.1713E-03  0.7641E-02  0.2492E-01  0.1497E-05 -0.2725E+00  0.2509E+00  0.8497E+00 -0.3999E-01  0.7137E+00 -0.1932E-01  0.1562E+06  0.1562E+06  0.1562E+06 -0.1477E-01  0.2891E-01  0.3141E-09  0.2863E+00  0.9616E-09  0.2804E-01 -0.3607E-01 -0.1261E-01 -0.3714E-01 -0.4627E-02  0.7580E-01  0.1452E+00
    37  0.6840E+02  0.1635E-03  0.7494E-02  0.2502E-01  0.1436E-05 -0.2668E+00  0.2493E+00  0.8298E+00 -0.3582E-01  0.7009E+00  0.3054E-02  0.1557E+06  0.1557E+06  0.1557E+06 -0.1355E-01  0.2909E-01  0.3131E-09  0.2910E+00  0.9066E-09  0.2823E-01 -0.3690E-01 -0.1460E-01 -0.5810E-01 -0.1352E-02  0.7848E-01  0.1524E+00
    38  0.7030E+02  0.1673E-03  0.7333E-02  0.2388E-01  0.1316E-05 -0.2571E+00  0.2482E+00  0.8403E+00 -0.2589E-01  0.6964E+00 -0.5797E-02  0.1545E+06  0.1545E+06  0.1545E+06 -0.1363E-01  0.2853E-01  0.3054E-09  0.3022E+00  0.6695E-09  0.2759E-01 -0.3508E-01 -0.1428E-01 -0.6567E-01 -0.1491E-02  0.8423E-01  0.1457E+00
    39  0.7220E+02  0.1703E-03  0.7174E-02  0.2331E-01  0.1229E-05 -0.2506E+00  0.2472E+00  0.8292E+00 -0.4937E-01  0.6863E+00  0.6074E-02  0.1537E+06  0.1537E+06  0.1537E+06 -0.1259E-01  0.2829E-01  0.3001E-09  0.3005E+00  0.3866E-09  0.2739E-01 -0.3622E-01 -0.1263E-01 -0.5157E-01 -0.6854E-03  0.7837E-01  0.1490E+00
    40  0.7410E+02  0.1633E-03  0.7008E-02  0.2291E-01  0.1153E-05 -0.2438E+00  0.2463E+00  0.8099E+00 -0.3103E-01  0.6773E+00 -0.2549E-01  0.1531E+06  0.1531E+06  0.1531E+06 -0.1145E-01  0.2815E-01  0.2962E-09  0.3002E+00  0.2288E-09  0.2728E-01 -0.3589E-01 -0.1487E-01 -0.4748E-01 -0.6986E-02  0.7582E-01  0.1524E+00
    41  0.7600E+02  0.1688E-03  0.6890E-02  0.2230E-01  0.1080E-05 -0.2392E+00  0.2461E+00  0.8312E+00 -0.3096E-01  0.6955E+00 -0.3830E-01  0.1522E+06  0.1522E+06  0.1522E+06 -0.1209E-01  0.2732E-01  0.2962E-09  0.2800E+00  0.7984E-10  0.2655E-01 -0.3440E-01 -0.1435E-01 -0.6073E-01 -0.7926E-03  0.8030E-01  0.1496E+00
    42  0.7790E+02  0.1690E-03  0.6749E-02  0.2152E-01  0.9971E-06 -0.2314E+00  0.2460E+00  0.8227E+00 -0.4778E-01  0.7065E+00 -0.4194E-01  0.1512E+06  0.1512E+06  0.1512E+06 -0.1086E-01  0.2657E-01  0.2934E-09  0.2664E+00  0.5158E-10  0.2587E-01 -0.3683E-01 -0.1257E-01 -0.6246E-01  0.3946E-02  0.7847E-01  0.1695E+00
    43  0.7980E+02  0.1635E-03  0.6619E-02  0.2144E-01  0.9524E-06 -0.2247E+00  0.2457E+00  0.8068E+00 -0.3455E-01  0.7233E+00 -0.3641E-01  0.1508E+06  0.1508E+06  0.1508E+06 -0.9825E-02  0.2606E-01  0.2965E-09  0.2377E+00  0.1398E-09  0.2551E-01 -0.3582E-01 -0.1493E-01 -0.5038E-01 -0.4276E-04  0.6773E-01  0.1727E+00
    44  0.8170E+02  0.1700E-03  0.6471E-02  0.2109E-01  0.8958E-06 -0.2201E+00  0.2457E+00  0.8213E+00 -0.2593E-01  0.7323E+00 -0.2776E-01  0.1501E+06  0.1501E+06  0.1501E+06 -0.1045E-01  0.2566E-01  0.2960E-09  0.2355E+00  0.3760E-09  0.2513E-01 -0.3433E-01 -0.1422E-01 -0.4753E-01 -0.6882E-02  0.7539E-01  0.1646E+00
    45  0.8360E+02  0.1675E-03  0.6344E-02  0.2050E-01  0.8356E-06 -0.2145E+00  0.2457E+00  0.8164E+00 -0.4199E-01  0.7377E+00 -0.1138E-02  0.1494E+06  0.1494E+06  0.1494E+06 -0.9498E-02  0.2519E-01  0.2929E-09  0.2340E+00  0.4077E-09  0.2468E-01 -0.3724E-01 -0.1328E-01 -0.5806E-01 -0.4701E-02  0.7392E-01  0.1911E+00
    46  0.8550E+02  0.1644E-03  0.6234E-02  0.2031E-01  0.7953E-06 -0.2087E+00  0.2452E+00  0.8147E+00 -0.2757E-01  0.7257E+00 -0.1764E-02  0.1489E+06  0.1489E+06  0.1489E+06 -0.8751E-02  0.2522E-01  0.2899E-09  0.2329E+00  0.7556E-09  0.2473E-01 -0.3589E-01 -0.1484E-01 -0.7745E-01  0.4359E-02  0.7709E-01  0.1838E+00
    47  0.8740E+02  0.1706E-03  0.6087E-02  0.1997E-01  0.7535E-06 -0.2042E+00  0.2449E+00  0.8193E+00 -0.3697E-01  0.7231E+00  0.6213E-02  0.1483E+06  0.1483E+06  0.1483E+06 -0.9000E-02  0.2506E-01  0.2875E-09  0.2433E+00  0.1008E-08  0.2454E-01 -0.3461E-01 -0.1362E-01 -0.3855E-01 -0.2694E-02  0.6602E-01  0.1694E+00
    48  0.8930E+02  0.1660E-03  0.5987E-02  0.1995E-01  0.7265E-06 -0.2000E+00  0.2442E+00  0.8093E+00 -0.4103E-01  0.7102E+00 -0.7100E-02  0.1478E+06  0.1478E+06  0.1478E+06 -0.8125E-02  0.2527E-01  0.2854E-09  0.2566E+00  0.1058E-08  0.2471E-01 -0.3590E-01 -0.1386E-01 -0.5118E-01 -0.5950E-02  0.6790E-01  0.1770E+00
    49  0.9120E+02  0.1658E-03  0.5883E-02  0.1949E-01  0.6865E-06 -0.1958E+00  0.2434E+00  0.8099E+00 -0.4357E-01  0.7007E+00 -0.1499E-01  0.1472E+06  0.1472E+06  0.1472E+06 -0.8157E-02  0.2519E-01  0.2807E-09  0.2800E+00  0.1016E-08  0.2454E-01 -0.3562E-01 -0.1489E-01 -0.7144E-01  0.6349E-02  0.8186E-01  0.1812E+00
    50  0.9310E+02  0.1706E-03  0.5775E-02  0.1948E-01  0.6643E-06 -0.1871E+00  0.2425E+00  0.7942E+00 -0.3855E-01  0.7084E+00 -0.2647E-01  0.1469E+06  0.1469E+06  0.1469E+06 -0.7641E-02  0.2501E-01  0.2829E-09  0.2876E+00  0.1044E-08  0.2434E-01 -0.3486E-01 -0.1305E-01 -0.5232E-01 -0.4597E-02  0.7454E-01  0.1687E+00
    51  0.9500E+02  0.1649E-03  0.5672E-02  0.1943E-01  0.6396E-06 -0.1841E+00  0.2416E+00  0.7973E+00 -0.2147E-01  0.7168E+00 -0.3172E-01  0.1466E+06  0.1466E+06  0.1466E+06 -0.6962E-02  0.2480E-01  0.2847E-09  0.2945E+00  0.8517E-09  0.2411E-01 -0.3510E-01 -0.1458E-01 -0.4814E-01 -0.3495E-02  0.7413E-01  0.1771E+00
    52  0.9690E+02  0.1675E-03  0.5581E-02  0.1917E-01  0.6096E-06 -0.1813E+00  0.2408E+00  0.8051E+00 -0.4566E-01  0.7259E+00 -0.1620E-01  0.1461E+06  0.1461E+06  0.1461E+06 -0.7391E-02  0.2440E-01  0.2849E-09  0.2896E+00  0.7190E-09  0.2374E-01 -0.3484E-01 -0.1470E-01 -0.5646E-01  0.1102E-02  0.7693E-01  0.1805E+00
    53  0.9880E+02  0.1698E-03  0.5484E-02  0.1901E-01  0.5813E-06 -0.1751E+00  0.2400E+00  0.7858E+00 -0.4510E-01  0.7252E+00 -0.6595E-02  0.1458E+06  0.1458E+06  0.1458E+06 -0.6760E-02  0.2423E-01  0.2841E-09  0.2865E+00  0.5626E-09  0.2360E-01 -0.3486E-01 -0.1297E-01 -0.6718E-01  0.5065E-02  0.7787E-01  0.1763E+00
    54  0.1007E+03  0.1644E-03  0.5390E-02  0.1870E-01  0.5526E-06 -0.1694E+00  0.2395E+00  0.7836E+00 -0.2611E-01  0.7176E+00  0.7107E-02  0.1453E+06  0.1453E+06  0.1453E+06 -0.5902E-02  0.2406E-01  0.2807E-09  0.2737E+00  0.4648E-09  0.2350E-01 -0.3517E-01 -0.1462E-01 -0.5061E-01 -0.8072E-02  0.7095E-01  0.1853E+00
    55  0.1026E+03  0.1691E-03  0.5301E-02  0.1850E-01  0.5263E-06 -0.1689E+00  0.2392E+00  0.7918E+00 -0.4240E-01  0.7097E+00  0.4495E-02  0.1449E+06  0.1449E+06  0.1449E+06 -0.6538E-02  0.2398E-01  0.2778E-09  0.2654E+00  0.3871E-09  0.2348E-01 -0.3389E-01 -0.1487E-01 -0.5718E-01 -0.4171E-02  0.7392E-01  0.1762E+00
    56  0.1045E+03  0.1684E-03  0.5223E-02  0.1835E-01  0.5063E-06 -0.1637E+00  0.2390E+00  0.7828E+00 -0.3893E-01  0.7031E+00 -0.5381E-02  0.1446E+06  0.1446E+06  0.1446E+06 -0.6091E-02  0.2393E-01  0.2756E-09  0.2516E+00  0.4868E-09  0.2348E-01 -0.3508E-01 -0.1313E-01 -0.5868E-01  0.6064E-02  0.6536E-01  0.1792E+00
    57  0.1064E+03  0.1647E-03  0.5141E-02  0.1812E-01  0.4838E-06 -0.1575E+00  0.2388E+00  0.7863E+00 -0.3199E-01  0.7106E+00 -0.1741E-01  0.1441E+06  0.1441E+06  0.1441E+06 -0.5240E-02  0.2365E-01  0.2756E-09  0.2561E+00  0.6714E-09  0.2320E-01 -0.3520E-01 -0.1461E-01 -0.5950E-01  0.2170E-02  0.6963E-01  0.1897E+00
    58  0.1083E+03  0.1702E-03  0.5047E-02  0.1802E-01  0.4642E-06 -0.1567E+00  0.2386E+00  0.7852E+00 -0.4132E-01  0.7159E+00 -0.2826E-01  0.1438E+06  0.1438E+06  0.1438E+06 -0.5738E-02  0.2347E-01  0.2761E-09  0.2534E+00  0.7681E-09  0.2304E-01 -0.3396E-01 -0.1441E-01 -0.5389E-01 -0.8123E-02  0.6837E-01  0.1805E+00
    59  0.1102E+03  0.1667E-03  0.4977E-02  0.1783E-01  0.4473E-06 -0.1560E+00  0.2383E+00  0.7808E+00 -0.3862E-01  0.7291E+00 -0.1359E-01  0.1433E+06  0.1433E+06  0.1433E+06 -0.5365E-02  0.2313E-01  0.2774E-09  0.2597E+00  0.8621E-09  0.2269E-01 -0.3503E-01 -0.1381E-01 -0.5278E-01 -0.1900E-02  0.6782E-01  0.1920E+00
    60  0.1121E+03  0.1660E-03  0.4918E-02  0.1789E-01  0.4367E-06 -0.1530E+00  0.2377E+00  0.7798E+00 -0.4254E-01  0.7260E+00 -0.3463E-02  0.1431E+06  0.1431E+06  0.1431E+06 -0.5145E-02  0.2316E-01  0.2779E-09  0.2592E+00  0.9840E-09  0.2273E-01 -0.3456E-01 -0.1463E-01 -0.7280E-01  0.4578E-02  0.7662E-01  0.1909E+00
    61  0.1140E+03  0.1705E-03  0.4825E-02  0.1772E-01  0.4177E-06 -0.1483E+00  0.2370E+00  0.7729E+00 -0.3555E-01  0.7198E+00  0.1022E-01  0.1427E+06  0.1427E+06  0.1427E+06 -0.5147E-02  0.2313E-01  0.2758E-09  0.2707E+00  0.8805E-09  0.2268E-01 -0.3429E-01 -0.1393E-01 -0.5147E-01  0.5045E-02  0.6460E-01  0.1840E+00
    62  0.1159E+03  0.1653E-03  0.4745E-02  0.1774E-01  0.4039E-06 -0.1472E+00  0.2362E+00  0.7746E+00 -0.3634E-01  0.7064E+00 -0.8204E-03  0.1425E+06  0.1425E+06  0.1425E+06 -0.4567E-02  0.2327E-01  0.2740E-09  0.2662E+00  0.9206E-09  0.2285E-01 -0.3427E-01 -0.1412E-01 -0.5185E-01 -0.1015E-01  0.6821E-01  0.1817E+00
    63  0.1178E+03  0.1679E-03  0.4675E-02  0.1751E-01  0.3866E-06 -0.1477E+00  0.2356E+00  0.7720E+00 -0.4948E-01  0.7081E+00 -0.8251E-02  0.1421E+06  0.1421E+06  0.1421E+06 -0.4965E-02  0.2307E-01  0.2730E-09  0.2739E+00  0.9561E-09  0.2264E-01 -0.3400E-01 -0.1508E-01 -0.6471E-01  0.2921E-02  0.6928E-01  0.1855E+00
    64  0.1197E+03  0.1696E-03  0.4621E-02  0.1751E-01  0.3780E-06 -0.1445E+00  0.2349E+00  0.7624E+00 -0.4145E-01  0.7107E+00 -0.9115E-02  0.1418E+06  0.1418E+06  0.1418E+06 -0.4817E-02  0.2298E-01  0.2741E-09  0.2731E+00  0.9305E-09  0.2255E-01 -0.3423E-01 -0.1322E-01 -0.6155E-01  0.2767E-02  0.6926E-01  0.1809E+00
    65  0.1216E+03  0.1648E-03  0.4548E-02  0.1744E-01  0.3640E-06 -0.1420E+00  0.2342E+00  0.7630E+00 -0.3120E-01  0.7031E+00 -0.3706E-02  0.1415E+06  0.1415E+06  0.1415E+06 -0.4045E-02  0.2295E-01  0.2725E-09  0.2571E+00  0.8427E-09  0.2258E-01 -0.3387E-01 -0.1469E-01 -0.5241E-01 -0.3286E-02  0.6312E-01  0.1816E+00
